------------------------------------------------------
INSTANCE	HC		ILS		VISILS
------------------------------------------------------
nrp1-30	 	 1,180	 	 1,204 	 	 1,204 
nrp2-30	 	 4,414 		 4,873 	 	 4,830 
nrp3-30	 	 5,878 	 	 7,409 		 7,401 
nrp4-30	 	 8,057 	 	10,450 		10,470 
nrp5-30	 	16,090 	 	17,381 	 	17,854 
nrp1-50	 	 1,764 	 	 1,836 	 	 1,836 
nrp2-50	 	 7,533 	 	 7,778 	 	 7,842 
nrp3-50	 	 9,729 	 	11,083 	 	11,100 
nrp4-50	 	13,459 	 	15,775 	 	15,839 
nrp5-50	 	22,928 	 	24,482 	 	24,589 
nrp1-70	 	 2,477 	 	 2,507 	 	 2,507 
nrp2-70	 	10,892 	 	11,187 	 	11,202 
nrp3-70	 	13,859 	 	14,178 	 	14,195 
nrp4-70	 	20,035 	 	20,873 	 	20,892 
nrp5-70	 	28,735 	 	28,883 	 	28,904 
------------------------------------------------------
nrp-e1-30	 6,091 	 	 7,867 	 	 7,875 
nrp-e2-30	 5,736 	 	 7,417 	  	 7,417 
nrp-e3-30	 5,188 	 	 6,643 	 	 6,636 
nrp-e4-30	 4,590 	 	 5,789 	 	 5,787 
nrp-g1-30	 4,955 	 	 6,099 	 	 6,103 
nrp-g2-30	 3,759 	 	 4,574 	 	 4,568 
nrp-g3-30	 4,834 	 	 5,905 	 	 5,914 
nrp-g4-30	 3,483 	 	 4,214 	 	 4,216 
nrp-m1-30	 7,749 	 	10,664 	 	10,642 
nrp-m2-30	 6,403 	 	 8,643 	 	 8,657 
nrp-m3-30	 7,474 	 	10,260 	 	10,252 
nrp-m4-30	 5,722 	 	 7,716 	 	 7,731 
nrp-e1-50	 9,559 	 	11,024 	 	11,034 
nrp-e2-50	 8,980 	 	10,348 	 	10,354 
nrp-e3-50	 8,111 	 	 9,337 	 	 9,339 
nrp-e4-50	 7,134 	 	 8,159 	 	 8,163 
nrp-g1-50	 7,813 	 	 8,867 	 	 8,880 
nrp-g2-50	 5,884 	 	 6,544 	 	 6,550 
nrp-g3-50	 7,537 	 	 8,492 	 	 8,486 
nrp-g4-50	 5,401 	 	 6,055 	 	 6,057 
nrp-m1-50	12,647 		15,454 	 	15,469 
nrp-m2-50	10,436 		12,511 	 	12,539 
nrp-m3-50	12,390 		15,021 	 	15,019 
nrp-m4-50	 9,367	 	11,330 	 	11,338 
