alg,instance,cycle,budget,risk,fit,solution
nrp-e1,0,30,186
nrp-e1,1,30,190
nrp-e1,2,30,185
nrp-e1,3,30,190
nrp-e1,4,30,185
nrp-e1,5,30,188
nrp-e1,6,30,185
nrp-e1,7,30,189
nrp-e1,8,30,190
nrp-e1,9,30,186
nrp-e1,10,30,182
nrp-e1,11,30,190
nrp-e1,12,30,189
nrp-e1,13,30,183
nrp-e1,14,30,188
nrp-e1,15,30,183
nrp-e1,16,30,185
nrp-e1,17,30,184
nrp-e1,18,30,186
nrp-e1,19,30,185
nrp-e1,20,30,184
nrp-e1,21,30,195
nrp-e1,22,30,185
nrp-e1,23,30,187
nrp-e1,24,30,184
nrp-e1,25,30,183
nrp-e1,26,30,189
nrp-e1,27,30,190
nrp-e1,28,30,185
nrp-e1,29,30,188
nrp-e1,0,50,302
nrp-e1,1,50,301
nrp-e1,2,50,300
nrp-e1,3,50,306
nrp-e1,4,50,304
nrp-e1,5,50,304
nrp-e1,6,50,303
nrp-e1,7,50,302
nrp-e1,8,50,301
nrp-e1,9,50,298
nrp-e1,10,50,302
nrp-e1,11,50,298
nrp-e1,12,50,301
nrp-e1,13,50,294
nrp-e1,14,50,299
nrp-e1,15,50,300
nrp-e1,16,50,299
nrp-e1,17,50,302
nrp-e1,18,50,297
nrp-e1,19,50,298
nrp-e1,20,50,302
nrp-e1,21,50,298
nrp-e1,22,50,298
nrp-e1,23,50,303
nrp-e1,24,50,299
nrp-e1,25,50,302
nrp-e1,26,50,301
nrp-e1,27,50,301
nrp-e1,28,50,299
nrp-e1,29,50,300
nrp-e2,0,30,168
nrp-e2,1,30,169
nrp-e2,2,30,175
nrp-e2,3,30,174
nrp-e2,4,30,170
nrp-e2,5,30,170
nrp-e2,6,30,171
nrp-e2,7,30,173
nrp-e2,8,30,175
nrp-e2,9,30,175
nrp-e2,10,30,169
nrp-e2,11,30,179
nrp-e2,12,30,175
nrp-e2,13,30,171
nrp-e2,14,30,175
nrp-e2,15,30,173
nrp-e2,16,30,169
nrp-e2,17,30,169
nrp-e2,18,30,175
nrp-e2,19,30,168
nrp-e2,20,30,173
nrp-e2,21,30,167
nrp-e2,22,30,171
nrp-e2,23,30,169
nrp-e2,24,30,167
nrp-e2,25,30,168
nrp-e2,26,30,172
nrp-e2,27,30,177
nrp-e2,28,30,175
nrp-e2,29,30,172
nrp-e2,0,50,277
nrp-e2,1,50,278
nrp-e2,2,50,278
nrp-e2,3,50,284
nrp-e2,4,50,277
nrp-e2,5,50,278
nrp-e2,6,50,278
nrp-e2,7,50,281
nrp-e2,8,50,278
nrp-e2,9,50,276
nrp-e2,10,50,281
nrp-e2,11,50,282
nrp-e2,12,50,281
nrp-e2,13,50,280
nrp-e2,14,50,282
nrp-e2,15,50,277
nrp-e2,16,50,276
nrp-e2,17,50,279
nrp-e2,18,50,274
nrp-e2,19,50,277
nrp-e2,20,50,277
nrp-e2,21,50,276
nrp-e2,22,50,287
nrp-e2,23,50,280
nrp-e2,24,50,274
nrp-e2,25,50,281
nrp-e2,26,50,274
nrp-e2,27,50,280
nrp-e2,28,50,276
nrp-e2,29,50,280
nrp-e3,0,30,162
nrp-e3,1,30,164
nrp-e3,2,30,168
nrp-e3,3,30,162
nrp-e3,4,30,161
nrp-e3,5,30,162
nrp-e3,6,30,162
nrp-e3,7,30,164
nrp-e3,8,30,158
nrp-e3,9,30,159
nrp-e3,10,30,160
nrp-e3,11,30,162
nrp-e3,12,30,160
nrp-e3,13,30,168
nrp-e3,14,30,159
nrp-e3,15,30,163
nrp-e3,16,30,166
nrp-e3,17,30,163
nrp-e3,18,30,165
nrp-e3,19,30,160
nrp-e3,20,30,161
nrp-e3,21,30,161
nrp-e3,22,30,163
nrp-e3,23,30,161
nrp-e3,24,30,165
nrp-e3,25,30,158
nrp-e3,26,30,160
nrp-e3,27,30,160
nrp-e3,28,30,164
nrp-e3,29,30,159
nrp-e3,0,50,260
nrp-e3,1,50,258
nrp-e3,2,50,259
nrp-e3,3,50,260
nrp-e3,4,50,257
nrp-e3,5,50,258
nrp-e3,6,50,255
nrp-e3,7,50,261
nrp-e3,8,50,261
nrp-e3,9,50,264
nrp-e3,10,50,262
nrp-e3,11,50,255
nrp-e3,12,50,266
nrp-e3,13,50,261
nrp-e3,14,50,253
nrp-e3,15,50,259
nrp-e3,16,50,257
nrp-e3,17,50,257
nrp-e3,18,50,261
nrp-e3,19,50,256
nrp-e3,20,50,259
nrp-e3,21,50,259
nrp-e3,22,50,259
nrp-e3,23,50,255
nrp-e3,24,50,261
nrp-e3,25,50,260
nrp-e3,26,50,259
nrp-e3,27,50,261
nrp-e3,28,50,260
nrp-e3,29,50,257
nrp-e4,0,30,140
nrp-e4,1,30,145
nrp-e4,2,30,139
nrp-e4,3,30,141
nrp-e4,4,30,137
nrp-e4,5,30,139
nrp-e4,6,30,148
nrp-e4,7,30,140
nrp-e4,8,30,142
nrp-e4,9,30,144
nrp-e4,10,30,140
nrp-e4,11,30,142
nrp-e4,12,30,140
nrp-e4,13,30,141
nrp-e4,14,30,141
nrp-e4,15,30,141
nrp-e4,16,30,144
nrp-e4,17,30,141
nrp-e4,18,30,139
nrp-e4,19,30,140
nrp-e4,20,30,137
nrp-e4,21,30,139
nrp-e4,22,30,139
nrp-e4,23,30,138
nrp-e4,24,30,137
nrp-e4,25,30,138
nrp-e4,26,30,141
nrp-e4,27,30,141
nrp-e4,28,30,135
nrp-e4,29,30,140
nrp-e4,0,50,222
nrp-e4,1,50,226
nrp-e4,2,50,225
nrp-e4,3,50,226
nrp-e4,4,50,223
nrp-e4,5,50,224
nrp-e4,6,50,223
nrp-e4,7,50,223
nrp-e4,8,50,224
nrp-e4,9,50,222
nrp-e4,10,50,223
nrp-e4,11,50,227
nrp-e4,12,50,230
nrp-e4,13,50,223
nrp-e4,14,50,225
nrp-e4,15,50,224
nrp-e4,16,50,224
nrp-e4,17,50,223
nrp-e4,18,50,223
nrp-e4,19,50,226
nrp-e4,20,50,221
nrp-e4,21,50,228
nrp-e4,22,50,222
nrp-e4,23,50,225
nrp-e4,24,50,222
nrp-e4,25,50,226
nrp-e4,26,50,224
nrp-e4,27,50,226
nrp-e4,28,50,225
nrp-e4,29,50,222
nrp-g1,0,30,155
nrp-g1,1,30,160
nrp-g1,2,30,156
nrp-g1,3,30,158
nrp-g1,4,30,161
nrp-g1,5,30,157
nrp-g1,6,30,154
nrp-g1,7,30,154
nrp-g1,8,30,161
nrp-g1,9,30,155
nrp-g1,10,30,153
nrp-g1,11,30,163
nrp-g1,12,30,157
nrp-g1,13,30,157
nrp-g1,14,30,156
nrp-g1,15,30,156
nrp-g1,16,30,159
nrp-g1,17,30,156
nrp-g1,18,30,156
nrp-g1,19,30,155
nrp-g1,20,30,154
nrp-g1,21,30,158
nrp-g1,22,30,154
nrp-g1,23,30,158
nrp-g1,24,30,159
nrp-g1,25,30,157
nrp-g1,26,30,157
nrp-g1,27,30,158
nrp-g1,28,30,159
nrp-g1,29,30,158
nrp-g1,0,50,255
nrp-g1,1,50,252
nrp-g1,2,50,252
nrp-g1,3,50,251
nrp-g1,4,50,253
nrp-g1,5,50,250
nrp-g1,6,50,253
nrp-g1,7,50,256
nrp-g1,8,50,254
nrp-g1,9,50,254
nrp-g1,10,50,255
nrp-g1,11,50,255
nrp-g1,12,50,254
nrp-g1,13,50,255
nrp-g1,14,50,253
nrp-g1,15,50,252
nrp-g1,16,50,250
nrp-g1,17,50,253
nrp-g1,18,50,255
nrp-g1,19,50,253
nrp-g1,20,50,253
nrp-g1,21,50,251
nrp-g1,22,50,255
nrp-g1,23,50,252
nrp-g1,24,50,249
nrp-g1,25,50,254
nrp-g1,26,50,249
nrp-g1,27,50,252
nrp-g1,28,50,257
nrp-g1,29,50,250
nrp-g2,0,30,119
nrp-g2,1,30,119
nrp-g2,2,30,119
nrp-g2,3,30,115
nrp-g2,4,30,119
nrp-g2,5,30,117
nrp-g2,6,30,117
nrp-g2,7,30,116
nrp-g2,8,30,120
nrp-g2,9,30,123
nrp-g2,10,30,116
nrp-g2,11,30,117
nrp-g2,12,30,118
nrp-g2,13,30,117
nrp-g2,14,30,117
nrp-g2,15,30,118
nrp-g2,16,30,121
nrp-g2,17,30,116
nrp-g2,18,30,114
nrp-g2,19,30,118
nrp-g2,20,30,121
nrp-g2,21,30,117
nrp-g2,22,30,119
nrp-g2,23,30,117
nrp-g2,24,30,118
nrp-g2,25,30,116
nrp-g2,26,30,121
nrp-g2,27,30,121
nrp-g2,28,30,117
nrp-g2,29,30,121
nrp-g2,0,50,186
nrp-g2,1,50,188
nrp-g2,2,50,188
nrp-g2,3,50,191
nrp-g2,4,50,187
nrp-g2,5,50,186
nrp-g2,6,50,185
nrp-g2,7,50,193
nrp-g2,8,50,189
nrp-g2,9,50,188
nrp-g2,10,50,187
nrp-g2,11,50,190
nrp-g2,12,50,188
nrp-g2,13,50,186
nrp-g2,14,50,190
nrp-g2,15,50,191
nrp-g2,16,50,187
nrp-g2,17,50,192
nrp-g2,18,50,190
nrp-g2,19,50,190
nrp-g2,20,50,190
nrp-g2,21,50,186
nrp-g2,22,50,187
nrp-g2,23,50,191
nrp-g2,24,50,189
nrp-g2,25,50,190
nrp-g2,26,50,191
nrp-g2,27,50,191
nrp-g2,28,50,184
nrp-g2,29,50,186
nrp-g3,0,30,154
nrp-g3,1,30,152
nrp-g3,2,30,150
nrp-g3,3,30,153
nrp-g3,4,30,155
nrp-g3,5,30,153
nrp-g3,6,30,150
nrp-g3,7,30,149
nrp-g3,8,30,155
nrp-g3,9,30,156
nrp-g3,10,30,154
nrp-g3,11,30,154
nrp-g3,12,30,152
nrp-g3,13,30,145
nrp-g3,14,30,149
nrp-g3,15,30,149
nrp-g3,16,30,157
nrp-g3,17,30,149
nrp-g3,18,30,157
nrp-g3,19,30,152
nrp-g3,20,30,151
nrp-g3,21,30,149
nrp-g3,22,30,152
nrp-g3,23,30,149
nrp-g3,24,30,148
nrp-g3,25,30,148
nrp-g3,26,30,148
nrp-g3,27,30,150
nrp-g3,28,30,151
nrp-g3,29,30,156
nrp-g3,0,50,239
nrp-g3,1,50,242
nrp-g3,2,50,240
nrp-g3,3,50,241
nrp-g3,4,50,242
nrp-g3,5,50,241
nrp-g3,6,50,241
nrp-g3,7,50,243
nrp-g3,8,50,243
nrp-g3,9,50,239
nrp-g3,10,50,244
nrp-g3,11,50,241
nrp-g3,12,50,243
nrp-g3,13,50,241
nrp-g3,14,50,243
nrp-g3,15,50,240
nrp-g3,16,50,241
nrp-g3,17,50,242
nrp-g3,18,50,243
nrp-g3,19,50,244
nrp-g3,20,50,248
nrp-g3,21,50,238
nrp-g3,22,50,242
nrp-g3,23,50,241
nrp-g3,24,50,242
nrp-g3,25,50,242
nrp-g3,26,50,244
nrp-g3,27,50,241
nrp-g3,28,50,243
nrp-g3,29,50,241
nrp-g4,0,30,111
nrp-g4,1,30,108
nrp-g4,2,30,106
nrp-g4,3,30,113
nrp-g4,4,30,108
nrp-g4,5,30,109
nrp-g4,6,30,108
nrp-g4,7,30,107
nrp-g4,8,30,106
nrp-g4,9,30,107
nrp-g4,10,30,105
nrp-g4,11,30,107
nrp-g4,12,30,105
nrp-g4,13,30,106
nrp-g4,14,30,108
nrp-g4,15,30,104
nrp-g4,16,30,108
nrp-g4,17,30,104
nrp-g4,18,30,108
nrp-g4,19,30,104
nrp-g4,20,30,105
nrp-g4,21,30,104
nrp-g4,22,30,105
nrp-g4,23,30,107
nrp-g4,24,30,106
nrp-g4,25,30,105
nrp-g4,26,30,108
nrp-g4,27,30,105
nrp-g4,28,30,107
nrp-g4,29,30,108
nrp-g4,0,50,168
nrp-g4,1,50,168
nrp-g4,2,50,167
nrp-g4,3,50,170
nrp-g4,4,50,169
nrp-g4,5,50,170
nrp-g4,6,50,171
nrp-g4,7,50,168
nrp-g4,8,50,170
nrp-g4,9,50,171
nrp-g4,10,50,172
nrp-g4,11,50,171
nrp-g4,12,50,166
nrp-g4,13,50,166
nrp-g4,14,50,171
nrp-g4,15,50,173
nrp-g4,16,50,168
nrp-g4,17,50,171
nrp-g4,18,50,173
nrp-g4,19,50,167
nrp-g4,20,50,170
nrp-g4,21,50,166
nrp-g4,22,50,172
nrp-g4,23,50,170
nrp-g4,24,50,167
nrp-g4,25,50,170
nrp-g4,26,50,168
nrp-g4,27,50,173
nrp-g4,28,50,171
nrp-g4,29,50,170
nrp-m1,0,30,244
nrp-m1,1,30,242
nrp-m1,2,30,244
nrp-m1,3,30,235
nrp-m1,4,30,245
nrp-m1,5,30,239
nrp-m1,6,30,235
nrp-m1,7,30,239
nrp-m1,8,30,245
nrp-m1,9,30,238
nrp-m1,10,30,234
nrp-m1,11,30,245
nrp-m1,12,30,246
nrp-m1,13,30,238
nrp-m1,14,30,242
nrp-m1,15,30,239
nrp-m1,16,30,237
nrp-m1,17,30,239
nrp-m1,18,30,236
nrp-m1,19,30,240
nrp-m1,20,30,242
nrp-m1,21,30,242
nrp-m1,22,30,237
nrp-m1,23,30,240
nrp-m1,24,30,240
nrp-m1,25,30,242
nrp-m1,26,30,236
nrp-m1,27,30,243
nrp-m1,28,30,245
nrp-m1,29,30,238
nrp-m1,0,50,396
nrp-m1,1,50,411
nrp-m1,2,50,408
nrp-m1,3,50,403
nrp-m1,4,50,404
nrp-m1,5,50,405
nrp-m1,6,50,402
nrp-m1,7,50,400
nrp-m1,8,50,410
nrp-m1,9,50,410
nrp-m1,10,50,399
nrp-m1,11,50,398
nrp-m1,12,50,404
nrp-m1,13,50,401
nrp-m1,14,50,406
nrp-m1,15,50,401
nrp-m1,16,50,400
nrp-m1,17,50,407
nrp-m1,18,50,407
nrp-m1,19,50,408
nrp-m1,20,50,410
nrp-m1,21,50,406
nrp-m1,22,50,408
nrp-m1,23,50,403
nrp-m1,24,50,408
nrp-m1,25,50,408
nrp-m1,26,50,402
nrp-m1,27,50,406
nrp-m1,28,50,408
nrp-m1,29,50,405
nrp-m2,0,30,197
nrp-m2,1,30,200
nrp-m2,2,30,192
nrp-m2,3,30,194
nrp-m2,4,30,202
nrp-m2,5,30,202
nrp-m2,6,30,197
nrp-m2,7,30,199
nrp-m2,8,30,195
nrp-m2,9,30,201
nrp-m2,10,30,198
nrp-m2,11,30,202
nrp-m2,12,30,197
nrp-m2,13,30,199
nrp-m2,14,30,201
nrp-m2,15,30,198
nrp-m2,16,30,199
nrp-m2,17,30,196
nrp-m2,18,30,206
nrp-m2,19,30,192
nrp-m2,20,30,200
nrp-m2,21,30,199
nrp-m2,22,30,199
nrp-m2,23,30,195
nrp-m2,24,30,196
nrp-m2,25,30,199
nrp-m2,26,30,193
nrp-m2,27,30,201
nrp-m2,28,30,198
nrp-m2,29,30,197
nrp-m2,0,50,338
nrp-m2,1,50,333
nrp-m2,2,50,336
nrp-m2,3,50,334
nrp-m2,4,50,331
nrp-m2,5,50,328
nrp-m2,6,50,335
nrp-m2,7,50,332
nrp-m2,8,50,328
nrp-m2,9,50,329
nrp-m2,10,50,341
nrp-m2,11,50,335
nrp-m2,12,50,334
nrp-m2,13,50,332
nrp-m2,14,50,333
nrp-m2,15,50,331
nrp-m2,16,50,342
nrp-m2,17,50,329
nrp-m2,18,50,342
nrp-m2,19,50,335
nrp-m2,20,50,334
nrp-m2,21,50,331
nrp-m2,22,50,333
nrp-m2,23,50,336
nrp-m2,24,50,333
nrp-m2,25,50,335
nrp-m2,26,50,336
nrp-m2,27,50,334
nrp-m2,28,50,340
nrp-m2,29,50,335
nrp-m3,0,30,238
nrp-m3,1,30,233
nrp-m3,2,30,232
nrp-m3,3,30,231
nrp-m3,4,30,229
nrp-m3,5,30,237
nrp-m3,6,30,234
nrp-m3,7,30,235
nrp-m3,8,30,234
nrp-m3,9,30,235
nrp-m3,10,30,232
nrp-m3,11,30,231
nrp-m3,12,30,229
nrp-m3,13,30,240
nrp-m3,14,30,237
nrp-m3,15,30,234
nrp-m3,16,30,237
nrp-m3,17,30,234
nrp-m3,18,30,233
nrp-m3,19,30,239
nrp-m3,20,30,239
nrp-m3,21,30,236
nrp-m3,22,30,230
nrp-m3,23,30,231
nrp-m3,24,30,234
nrp-m3,25,30,237
nrp-m3,26,30,230
nrp-m3,27,30,233
nrp-m3,28,30,234
nrp-m3,29,30,236
nrp-m3,0,50,395
nrp-m3,1,50,394
nrp-m3,2,50,394
nrp-m3,3,50,401
nrp-m3,4,50,403
nrp-m3,5,50,395
nrp-m3,6,50,396
nrp-m3,7,50,403
nrp-m3,8,50,399
nrp-m3,9,50,396
nrp-m3,10,50,398
nrp-m3,11,50,398
nrp-m3,12,50,398
nrp-m3,13,50,396
nrp-m3,14,50,391
nrp-m3,15,50,396
nrp-m3,16,50,402
nrp-m3,17,50,400
nrp-m3,18,50,399
nrp-m3,19,50,398
nrp-m3,20,50,400
nrp-m3,21,50,397
nrp-m3,22,50,394
nrp-m3,23,50,400
nrp-m3,24,50,400
nrp-m3,25,50,400
nrp-m3,26,50,393
nrp-m3,27,50,399
nrp-m3,28,50,400
nrp-m3,29,50,396
nrp-m4,0,30,183
nrp-m4,1,30,178
nrp-m4,2,30,178
nrp-m4,3,30,178
nrp-m4,4,30,181
nrp-m4,5,30,180
nrp-m4,6,30,179
nrp-m4,7,30,180
nrp-m4,8,30,176
nrp-m4,9,30,178
nrp-m4,10,30,179
nrp-m4,11,30,180
nrp-m4,12,30,179
nrp-m4,13,30,180
nrp-m4,14,30,176
nrp-m4,15,30,176
nrp-m4,16,30,179
nrp-m4,17,30,182
nrp-m4,18,30,179
nrp-m4,19,30,178
nrp-m4,20,30,178
nrp-m4,21,30,174
nrp-m4,22,30,176
nrp-m4,23,30,175
nrp-m4,24,30,183
nrp-m4,25,30,175
nrp-m4,26,30,177
nrp-m4,27,30,181
nrp-m4,28,30,173
nrp-m4,29,30,176
nrp-m4,0,50,305
nrp-m4,1,50,297
nrp-m4,2,50,299
nrp-m4,3,50,297
nrp-m4,4,50,302
nrp-m4,5,50,303
nrp-m4,6,50,295
nrp-m4,7,50,302
nrp-m4,8,50,303
nrp-m4,9,50,301
nrp-m4,10,50,295
nrp-m4,11,50,302
nrp-m4,12,50,302
nrp-m4,13,50,301
nrp-m4,14,50,297
nrp-m4,15,50,303
nrp-m4,16,50,296
nrp-m4,17,50,305
nrp-m4,18,50,301
nrp-m4,19,50,299
nrp-m4,20,50,300
nrp-m4,21,50,298
nrp-m4,22,50,304
nrp-m4,23,50,297
nrp-m4,24,50,297
nrp-m4,25,50,297
nrp-m4,26,50,299
nrp-m4,27,50,297
nrp-m4,28,50,305
nrp-m4,29,50,298
