140
4 3.8 4.0
3 3.0 3.4
4 3.4 4.4
1 0.9 1.1
5 4.9 5.0
5 4.3 5.0
5 4.3 5.7
3 2.9 3.3
5 4.7 5.2
3 2.8 3.4
4 3.4 4.6
4 3.9 4.4
3 2.9 3.3
5 4.5 5.3
1 0.9 1.1
1 0.9 1.0
3 2.6 3.4
2 1.8 2.2
2 1.9 2.1
3 2.9 3.1
8 7.7 8.7
8 6.8 8.5
2 1.9 2.1
6 5.9 6.7
7 6.8 7.7
4 3.9 4.3
5 5.0 5.4
3 2.7 3.4
6 5.1 6.2
3 2.7 3.5
7 6.6 7.1
2 1.8 2.1
6 5.3 6.8
3 2.7 3.2
5 4.7 5.2
2 1.8 2.1
2 2.0 2.3
4 3.4 4.0
2 2.0 2.1
5 4.5 5.4
4 3.7 4.5
5 4.5 5.3
2 1.8 2.0
2 1.8 2.3
8 7.9 8.5
4 4.0 4.2
2 1.8 2.0
4 4.0 4.2
8 7.7 8.0
7 6.0 7.4
3 2.6 3.4
6 5.1 6.5
6 5.6 6.5
4 3.8 4.1
3 2.6 3.0
6 5.6 6.8
4 3.5 4.2
8 7.8 9.0
6 5.1 6.1
7 6.8 8.1
9 8.9 9.4
6 5.8 6.2
10 8.9 10.2
6 5.2 6.5
9 7.7 9.5
10 9.2 11.2
7 6.9 7.6
9 8.3 10.2
7 7.0 7.6
6 5.3 6.1
10 9.4 10.0
6 5.3 6.2
5 4.9 5.6
10 9.3 11.2
5 5.0 5.6
6 5.2 6.5
6 5.2 6.5
6 5.3 6.7
5 4.6 5.3
6 5.6 6.0
8 7.7 8.9
10 9.8 10.0
9 7.9 9.8
6 5.3 6.4
10 9.1 10.6
7 6.8 7.8
10 8.7 10.2
8 7.1 8.7
9 7.9 10.3
9 8.1 10.4
6 5.9 6.1
10 9.6 11.4
8 8.0 8.2
8 7.2 8.7
10 8.8 10.1
10 8.5 10.4
6 5.3 6.5
7 6.7 8.0
6 5.4 6.6
8 7.8 8.4
7 6.9 7.8
10 8.6 10.8
7 6.4 7.8
9 8.7 9.8
6 5.2 6.2
6 5.2 6.3
8 6.9 8.9
6 5.9 6.4
7 6.0 7.8
8 7.8 8.2
7 6.2 7.8
7 6.1 7.1
6 5.5 6.4
7 6.9 7.5
9 8.6 9.0
6 6.0 6.4
7 6.7 7.1
6 5.8 6.0
8 7.6 8.5
6 5.9 6.8
6 5.3 6.0
7 6.2 7.6
5 4.9 5.4
7 6.6 7.7
5 5.0 5.2
8 7.8 8.1
9 8.1 10.2
10 9.4 10.4
10 9.3 11.5
6 5.8 6.4
5 4.7 5.0
9 8.1 10.0
8 7.0 8.7
10 9.9 10.9
7 6.5 7.2
8 7.2 8.8
7 6.5 7.8
9 8.0 9.6
7 6.2 7.3
7 6.5 8.1
100
36 33.5 39.2
29 28.1 29.0
33 30.4 37.6
22 20.5 24.2
33 31.4 36.3
34 32.3 34.7
27 23.5 27.8
26 23.9 29.6
35 33.3 39.2
36 33.5 39.6
28 24.6 28.6
31 29.1 34.7
29 28.7 31.0
30 27.9 30.0
29 26.7 33.1
36 33.5 40.7
28 24.4 28.3
31 29.1 35.0
20 17.6 20.6
24 20.6 27.1
35 31.9 36.4
33 28.1 36.6
26 24.7 27.0
34 33.7 38.1
26 24.4 29.4
34 30.3 35.4
25 24.8 25.8
34 29.6 35.0
26 26.0 27.6
29 27.6 32.5
27 25.7 29.4
26 24.4 28.3
34 32.0 35.4
28 25.5 31.6
28 24.4 30.2
37 36.3 42.2
32 27.5 32.3
23 20.7 23.2
30 28.8 34.5
26 23.9 28.1
27 24.8 31.1
31 27.6 33.8
36 33.1 41.4
38 36.9 38.8
29 26.1 32.5
30 26.4 32.1
28 25.5 30.0
29 28.4 30.5
19 17.5 21.3
25 21.8 28.0
31 26.4 35.3
36 31.0 39.6
30 30.0 33.9
28 27.4 29.1
24 23.8 25.7
29 28.4 29.6
35 32.6 35.7
23 20.7 23.2
26 25.0 27.3
25 22.3 26.8
26 25.7 29.6
40 39.2 42.8
23 21.2 24.6
25 24.8 27.0
33 30.0 36.0
23 22.1 23.5
31 31.0 33.2
35 33.6 39.9
35 30.8 37.1
27 23.5 28.1
41 38.5 41.0
32 27.8 34.6
39 35.5 39.0
21 19.7 21.0
37 32.9 41.1
27 26.7 29.2
18 17.5 20.5
27 23.5 30.2
25 23.3 26.3
32 29.1 34.6
28 28.0 29.1
29 28.7 29.3
28 26.0 29.7
28 24.4 32.2
23 23.0 23.5
32 28.5 33.9
22 21.8 24.9
25 24.3 27.0
22 19.4 25.1
24 20.6 24.7
35 34.7 38.9
23 22.8 23.0
31 27.6 31.9
21 20.0 22.5
35 34.0 36.4
27 27.0 27.3
27 25.7 29.7
33 28.1 35.0
28 24.9 28.3
22 21.1 24.6