620
4 4.0 4.3
4 3.8 4.5
3 2.6 3.0
5 4.5 5.4
5 4.7 5.1
1 1.0 1.0
5 4.8 5.3
4 3.9 4.0
5 4.7 5.2
1 0.9 1.1
5 5.0 5.4
4 3.9 4.3
4 3.6 4.0
3 3.0 3.4
2 1.8 2.1
2 1.7 2.2
1 0.9 1.0
4 3.7 4.0
4 3.8 4.3
2 1.9 2.3
7 6.2 7.8
4 3.4 4.4
3 2.8 3.2
2 2.0 2.2
7 6.1 7.1
5 4.6 5.7
6 5.2 6.2
5 5.0 5.3
3 2.9 3.4
3 2.9 3.5
3 2.6 3.2
4 3.8 4.4
3 3.0 3.5
7 6.9 7.8
7 6.0 7.4
2 2.0 2.1
5 4.5 5.2
2 1.8 2.0
5 4.9 5.5
3 2.6 3.3
7 6.4 7.0
7 6.8 7.0
7 6.4 7.1
3 2.8 3.2
5 4.3 5.5
6 6.0 6.8
7 6.1 7.8
5 5.0 5.5
4 3.7 4.4
3 2.9 3.2
5 4.9 5.2
5 4.4 5.3
2 1.7 2.1
5 4.6 5.7
7 6.0 7.1
5 4.7 5.6
6 5.3 6.5
2 2.0 2.1
6 6.0 6.1
4 3.7 4.1
3 3.0 3.0
4 3.8 4.0
8 8.0 8.8
8 7.0 8.6
9 8.9 9.2
4 3.5 4.1
4 3.6 4.2
7 6.6 7.6
7 6.5 7.1
3 2.9 3.0
7 6.0 7.1
3 2.8 3.3
7 6.4 7.4
3 2.8 3.2
9 8.3 9.7
3 2.7 3.5
4 3.7 4.1
5 5.0 5.7
3 2.6 3.5
8 7.3 8.7
7 6.5 7.6
9 7.7 10.2
4 3.7 4.2
3 3.0 3.3
9 8.3 9.1
9 7.7 9.5
6 5.2 6.2
7 6.9 7.5
6 5.8 6.5
5 4.4 5.7
7 6.5 7.7
5 4.4 5.7
5 4.8 5.5
7 6.9 7.9
7 6.0 7.8
7 6.6 7.6
9 8.6 9.8
3 2.8 3.3
6 5.9 6.4
5 5.0 5.1
9 8.1 9.7
5 4.9 5.8
6 5.6 6.8
6 5.2 6.2
5 4.7 5.0
7 6.1 7.6
8 8.0 8.2
3 3.0 3.2
9 7.8 9.7
4 3.8 4.4
7 6.4 7.6
7 6.3 7.2
8 7.6 8.6
4 3.5 4.0
6 5.8 6.9
9 7.9 9.5
5 4.7 5.5
6 5.5 6.4
4 4.0 4.6
7 6.9 7.4
9 8.6 9.1
8 6.8 8.0
4 3.5 4.6
3 2.7 3.0
6 5.2 6.1
9 7.7 9.1
8 7.4 8.3
8 7.6 8.9
7 6.1 7.6
9 7.9 10.1
3 3.0 3.0
3 2.9 3.3
5 4.3 5.3
4 4.0 4.4
3 2.6 3.1
9 8.6 10.1
7 6.9 7.1
8 7.8 8.4
8 7.0 8.5
8 7.4 9.1
8 7.0 8.9
6 5.4 6.7
5 4.8 5.4
5 4.5 5.5
5 4.8 5.3
10 8.9 10.6
7 6.5 8.0
10 9.5 10.3
5 4.3 5.2
6 6.0 6.9
10 8.7 10.7
6 5.9 6.2
6 5.8 6.1
6 5.6 6.8
7 6.8 8.1
9 8.7 9.4
5 4.7 5.3
10 9.6 10.9
6 5.1 6.4
8 7.4 8.6
8 7.3 9.0
10 9.4 11.0
8 6.9 8.7
9 7.9 9.4
7 6.2 7.4
7 6.6 7.6
4 3.9 4.2
4 3.7 4.6
4 3.8 4.4
4 4.0 4.3
10 9.6 10.4
10 10.0 10.7
8 7.4 8.4
5 4.6 5.7
8 7.6 9.2
6 5.5 6.2
6 5.8 6.8
10 9.2 10.5
6 5.8 6.6
6 5.2 6.1
4 3.7 4.2
9 8.6 10.2
9 8.3 9.9
5 4.6 5.4
4 3.5 4.1
7 6.4 7.1
9 8.2 10.2
8 7.3 8.9
9 8.4 9.9
5 5.0 5.3
8 7.6 8.8
9 7.7 9.3
6 5.5 6.1
9 8.8 9.2
6 5.1 6.4
8 7.9 8.1
9 9.0 9.7
10 8.6 10.3
7 6.3 7.0
10 9.4 10.3
7 6.7 7.8
9 7.8 9.7
8 7.7 8.3
7 6.4 7.7
9 8.8 9.8
10 9.1 10.6
9 8.1 10.0
8 7.9 8.2
9 8.4 9.5
5 4.9 5.2
8 7.5 8.2
7 6.9 7.8
9 8.8 9.0
6 5.1 6.1
7 6.7 7.8
4 3.4 4.4
8 7.0 8.6
4 4.0 4.0
9 7.7 9.7
10 9.1 10.1
9 8.8 9.7
7 6.4 7.6
8 6.9 8.2
5 4.5 5.4
6 5.3 6.4
4 3.5 4.0
5 4.7 5.8
6 5.6 6.7
9 8.1 9.4
6 5.9 6.1
10 9.2 10.8
4 3.6 4.3
4 3.5 4.4
6 5.4 6.1
10 8.6 11.3
4 3.5 4.0
10 8.5 10.4
9 8.3 9.8
10 9.5 11.3
7 6.0 7.3
7 6.3 7.3
8 7.0 8.6
10 9.3 10.9
7 6.8 7.1
5 4.8 5.3
4 3.6 4.3
9 8.4 9.5
7 6.3 7.8
8 7.7 8.1
7 6.0 7.1
6 6.0 6.5
9 8.5 10.1
10 9.6 11.3
6 5.8 6.1
9 8.7 9.5
10 10.0 11.4
6 5.5 6.2
7 6.2 7.9
10 9.6 10.3
7 6.9 7.3
10 9.0 11.2
8 7.0 8.2
4 3.8 4.3
5 4.7 5.7
8 7.5 8.6
10 9.1 10.5
10 9.4 10.8
5 4.7 5.5
7 6.2 7.0
4 3.9 4.1
8 7.2 8.7
7 6.0 7.9
4 3.6 4.1
4 3.8 4.6
9 8.9 9.6
5 4.4 5.3
4 3.8 4.0
8 7.7 8.4
5 4.8 5.4
7 6.9 7.9
8 7.5 8.2
8 7.3 9.0
5 4.6 5.3
4 3.8 4.6
7 6.3 7.1
9 8.6 10.3
7 6.6 8.0
7 6.4 7.9
8 8.0 9.0
9 8.0 9.2
6 6.0 6.7
9 8.6 10.2
7 6.7 7.7
8 7.5 8.2
7 6.7 7.8
9 8.0 9.0
4 3.8 4.4
5 4.7 5.0
7 6.4 7.8
9 8.9 9.5
9 9.0 9.6
8 7.5 9.2
5 4.8 5.3
8 6.9 8.7
14 13.0 15.4
10 9.2 11.3
6 5.3 6.1
8 8.0 8.8
5 4.3 5.2
10 8.8 10.2
10 8.6 10.8
5 4.9 5.5
14 13.9 14.0
10 9.1 10.2
8 7.0 8.6
5 4.4 5.8
5 5.0 5.5
10 8.5 10.6
14 13.3 14.7
9 8.9 9.1
14 12.5 14.4
6 5.2 6.5
8 7.3 8.4
10 8.7 10.1
13 11.7 14.7
6 5.8 6.1
10 8.6 11.1
6 5.2 6.1
13 12.1 14.3
7 6.0 7.6
8 7.4 9.2
14 12.3 15.7
14 12.3 15.1
9 8.2 10.4
13 11.4 14.6
7 6.2 8.0
6 5.2 6.2
6 5.6 6.7
10 9.6 10.1
12 11.2 12.4
10 9.9 10.9
6 5.2 6.7
6 5.2 6.2
6 5.3 6.6
5 4.8 5.3
12 11.5 12.5
14 13.3 16.0
11 10.5 11.6
7 6.3 7.2
7 6.9 7.8
12 11.6 13.2
6 5.7 6.4
9 8.1 10.0
6 5.8 6.4
10 8.6 11.3
8 7.7 8.6
8 7.8 8.3
6 5.3 6.6
5 4.9 5.4
10 9.0 11.2
15 14.7 15.5
15 14.0 16.7
7 6.0 7.1
11 11.0 11.1
14 12.6 16.1
8 7.8 8.7
13 12.0 14.3
7 6.7 8.0
11 9.7 11.9
13 12.2 14.7
15 14.4 15.6
10 9.3 10.0
12 10.8 12.7
10 9.1 10.8
12 10.7 13.2
9 7.8 9.5
15 12.8 15.8
11 10.5 11.2
11 10.8 11.3
7 7.0 7.9
13 11.4 13.9
8 7.2 8.0
12 11.9 12.4
11 11.0 11.7
11 9.4 11.6
9 7.8 10.4
7 6.7 7.9
12 10.8 12.1
13 11.3 14.0
6 5.6 6.8
15 14.7 16.2
8 7.3 8.5
13 11.1 13.3
12 10.2 13.0
11 9.5 11.6
10 8.8 10.6
7 6.2 7.8
6 5.5 6.3
14 12.5 14.6
10 10.0 10.2
15 13.4 15.9
11 10.6 12.7
11 10.8 12.4
8 7.0 8.6
15 14.9 16.8
12 11.8 12.5
10 8.8 11.2
15 14.6 15.8
15 14.4 15.5
9 8.0 9.9
6 5.7 6.4
13 11.2 14.4
8 7.8 9.0
12 11.6 12.4
7 6.0 7.0
9 7.7 10.4
13 11.6 14.2
9 8.3 9.7
10 8.6 10.8
12 10.4 12.2
14 11.9 14.7
8 7.4 8.1
14 12.7 14.8
5 4.8 5.3
8 7.0 8.2
8 8.0 8.9
8 7.7 8.3
7 6.2 7.8
8 7.0 8.2
12 11.6 13.0
7 6.9 7.6
12 10.9 12.8
6 5.9 6.1
12 11.0 12.2
15 13.7 16.7
8 7.1 9.0
9 7.7 10.2
7 6.6 7.6
11 9.8 11.6
13 12.1 14.8
12 10.4 13.8
14 12.9 16.1
9 8.6 9.1
15 12.9 15.8
10 9.6 11.3
11 10.5 11.4
6 5.9 6.1
15 13.5 15.5
5 4.5 5.3
11 10.1 11.8
9 7.9 9.2
9 8.8 10.1
11 9.5 11.9
8 7.6 8.2
12 10.2 12.7
10 10.0 10.2
6 5.8 6.0
12 11.5 12.5
12 10.8 12.1
9 9.0 9.5
9 8.2 9.4
12 11.6 13.1
5 4.5 5.3
9 9.0 9.0
7 6.2 7.8
14 12.9 16.1
6 5.2 6.5
7 6.4 7.8
15 14.7 16.2
15 12.8 17.1
8 7.3 9.1
6 5.1 6.5
14 12.0 16.0
13 12.2 14.4
5 5.0 5.5
7 6.8 7.9
9 7.8 9.0
10 9.8 10.0
11 10.3 12.0
5 5.0 5.2
7 6.7 7.1
9 8.9 9.1
12 10.3 13.8
7 6.4 7.4
7 6.4 7.5
6 5.2 6.1
12 11.5 12.8
10 9.1 11.1
12 11.3 12.7
9 9.0 9.7
9 8.9 10.1
13 11.2 14.8
9 8.2 9.6
9 7.8 9.8
7 6.3 8.1
8 8.0 9.1
14 12.3 14.8
5 5.0 5.4
10 9.5 10.5
7 6.7 7.6
9 8.1 10.0
7 6.5 7.2
12 10.6 12.7
9 8.9 9.5
9 8.1 10.1
13 11.3 13.4
15 13.2 17.1
5 4.7 5.6
10 8.9 11.5
10 9.0 10.2
11 10.6 11.2
7 6.4 7.1
13 11.1 13.4
15 14.0 16.5
13 11.3 13.1
10 9.9 11.2
6 5.3 6.7
9 8.1 9.5
12 12.0 12.0
14 11.9 15.7
5 4.9 5.5
5 4.5 5.8
11 11.0 11.7
9 7.7 9.0
14 11.9 15.5
9 8.2 10.1
13 12.4 14.2
6 5.7 6.1
11 10.7 11.9
13 12.1 13.4
6 5.7 6.4
8 7.8 8.6
13 12.9 13.5
9 9.0 9.5
14 13.9 15.3
6 5.8 6.1
10 9.7 11.5
8 7.2 8.1
11 10.0 11.0
7 6.8 7.4
6 5.6 6.2
12 10.9 12.5
14 12.5 14.6
10 9.9 10.8
5 4.6 5.6
7 6.0 7.7
5 4.4 5.2
11 11.0 11.0
7 6.7 8.1
12 10.4 12.8
8 7.5 9.0
10 9.6 10.9
13 11.6 13.3
6 5.9 6.7
5 4.5 5.7
15 12.8 16.1
9 8.6 9.3
12 11.0 12.2
11 9.8 11.2
13 11.7 14.8
7 6.0 7.6
9 7.7 9.1
8 7.7 8.7
14 12.2 14.8
8 7.8 8.9
11 10.9 12.0
14 12.7 14.6
12 11.4 13.0
10 8.6 11.0
11 9.7 11.3
13 11.2 13.5
9 8.6 10.2
5 4.8 5.7
12 11.4 12.8
13 12.2 13.8
12 10.7 13.2
5 4.7 5.5
6 5.8 6.8
15 14.4 16.4
5 4.6 5.5
6 5.7 6.6
5 4.3 5.4
5 4.9 5.3
13 11.4 13.1
13 11.3 13.4
11 9.7 11.4
5 4.5 5.0
14 12.2 16.1
13 12.6 13.4
10 9.4 10.4
12 10.2 12.1
8 6.9 8.7
13 11.1 14.0
9 8.4 9.2
15 13.1 15.8
6 5.8 6.3
10 8.9 10.7
13 12.1 14.0
14 14.0 15.1
13 11.1 14.0
8 7.0 8.3
14 13.4 15.5
6 5.8 6.6
9 8.4 9.5
6 5.3 6.5
10 9.0 10.8
14 12.6 14.3
14 12.2 15.4
6 5.6 6.7
10 9.0 11.5
14 13.2 15.7
11 9.5 12.7
7 6.5 7.0
14 12.0 14.3
11 9.9 11.9
10 8.7 11.4
5 4.4 5.1
11 9.9 11.1
15 14.3 15.3
14 12.6 15.0
500
26 22.1 28.1
36 35.6 36.4
27 24.3 30.0
38 34.2 38.4
21 18.1 23.3
21 19.7 23.3
33 31.4 38.0
34 29.6 34.3
19 18.4 19.0
38 32.3 41.4
22 20.2 23.3
20 17.2 22.8
35 32.2 36.1
23 20.2 23.5
26 24.2 28.9
21 20.8 23.7
28 27.7 29.7
29 26.4 32.2
26 23.4 27.8
29 26.7 31.9
28 28.0 29.1
31 28.8 31.0
31 27.6 33.2
30 27.9 32.4
26 24.7 28.1
32 29.8 35.2
31 27.3 34.1
34 32.0 38.4
29 25.2 29.0
26 24.7 26.5
26 25.7 28.3
22 19.8 23.3
27 25.1 28.9
19 17.1 21.9
33 33.0 35.3
25 24.3 27.5
31 31.0 34.7
37 36.3 38.5
22 21.6 22.9
28 24.9 30.5
26 22.1 29.6
31 27.0 32.2
24 21.1 25.4
18 17.5 19.4
32 28.5 32.6
31 27.9 35.0
27 25.7 29.7
35 33.6 38.2
39 34.7 44.1
26 23.1 29.9
29 29.0 31.0
23 21.2 25.5
27 25.7 27.8
19 18.4 19.8
30 27.0 32.7
27 24.8 28.9
22 18.9 24.0
31 27.6 31.6
29 27.8 29.6
22 20.0 23.8
35 32.2 39.2
32 28.2 35.2
35 29.8 39.2
32 32.0 33.6
34 28.9 38.8
33 30.4 35.3
27 23.8 28.1
28 28.0 32.2
37 35.5 40.3
32 28.8 34.2
30 27.9 32.1
43 37.0 44.7
33 32.7 35.3
36 35.6 37.4
23 21.9 24.2
33 33.0 35.6
32 27.5 32.0
29 25.2 32.2
40 34.0 41.6
33 32.7 35.6
32 31.0 32.6
33 28.4 33.7
23 20.7 24.2
26 22.1 29.4
26 24.4 28.3
41 40.6 41.0
32 29.1 33.0
36 34.9 38.9
28 25.5 28.0
26 22.9 28.3
27 25.1 28.4
19 17.5 19.2
31 27.0 32.9
33 28.1 37.0
31 26.7 32.2
35 34.3 36.8
30 25.5 34.5
27 26.5 29.4
34 31.6 35.0
23 20.2 24.8
25 22.8 28.8
28 24.4 32.2
30 30.0 31.5
31 30.7 33.8
23 21.4 24.4
38 33.8 42.9
36 33.8 41.0
36 34.2 38.5
28 23.8 29.7
25 21.5 27.3
39 33.9 39.4
24 23.8 25.4
24 21.4 27.1
31 28.2 31.6
24 22.6 25.9
19 17.9 19.2
28 26.3 31.6
24 20.6 27.1
29 26.4 33.4
26 22.1 28.1
29 24.9 32.5
32 27.5 36.2
32 30.7 34.6
27 25.9 29.4
28 25.2 31.1
32 28.5 33.9
29 26.4 29.9
34 33.7 35.7
29 28.7 32.2
27 25.9 28.1
33 30.7 34.3
35 31.5 39.2
27 25.4 27.0
21 18.5 22.1
40 37.2 40.0
30 26.7 30.6
30 26.1 33.9
29 28.7 31.0
25 21.5 28.5
30 27.9 30.9
23 20.5 25.8
34 28.9 35.7
21 17.9 22.5
24 23.8 26.2
20 19.2 20.4
30 28.5 30.9
33 31.0 36.6
33 30.7 36.3
28 27.2 30.2
33 33.0 33.7
35 30.5 35.4
20 20.0 21.6
31 31.0 31.3
32 29.1 34.2
31 26.4 31.6
36 31.3 36.0
31 30.1 32.2
29 29.0 30.2
23 19.6 23.9
33 31.7 34.0
24 20.4 24.5
27 24.3 30.0
31 27.6 31.6
42 36.1 43.3
22 20.0 23.1
25 23.0 27.5
33 33.0 35.6
25 25.0 27.5
28 23.8 29.1
28 27.7 29.7
31 28.5 34.4
30 26.7 30.0
33 32.0 36.0
27 26.5 28.9
19 18.2 20.0
25 23.3 27.3
30 25.8 33.9
29 26.4 32.8
35 31.9 36.1
22 18.7 22.4
34 29.2 39.1
37 31.8 42.6
30 25.5 33.9
26 22.1 29.6
37 35.5 40.7
28 25.2 28.0
24 22.1 26.2
39 38.2 44.1
35 31.9 35.0
25 24.8 26.0
27 23.8 30.8
31 26.4 35.0
31 28.8 33.5
34 32.0 36.0
29 24.7 32.2
24 20.4 26.2
32 29.8 35.8
28 28.0 28.8
36 30.6 40.0
37 34.0 38.5
30 29.4 33.6
38 32.7 38.8
27 26.5 27.5
34 32.0 36.0
31 28.8 32.6
30 26.1 33.9
28 24.4 28.8
25 24.5 27.8
34 29.2 37.7
30 25.5 31.5
37 33.3 41.8
12 10.2 12.6
29 24.7 31.6
29 26.4 33.1
27 24.8 28.6
37 35.9 40.0
33 30.0 37.3
32 28.8 34.2
21 19.5 23.1
25 22.3 25.0
32 32.0 33.3
29 25.5 29.6
37 32.2 37.4
30 28.8 33.0
29 28.1 32.2
30 27.6 30.0
31 29.8 33.2
27 24.8 29.7
27 26.7 28.4
28 26.6 31.9
26 25.0 27.8
27 24.0 27.8
26 23.4 27.0
30 25.5 34.2
29 29.0 31.6
24 21.1 24.2
33 31.7 33.3
27 24.0 30.8
26 22.6 27.6
25 23.8 26.5
27 26.5 29.4
29 26.1 30.2
38 36.9 42.2
38 33.8 38.8
26 22.6 29.9
36 34.2 37.8
29 29.0 29.3
35 30.5 38.2
32 29.1 32.0
25 22.3 26.0
34 33.0 37.4
26 23.4 26.0
31 30.4 32.6
33 29.7 36.0
33 29.4 37.0
34 30.9 35.7
29 28.4 33.1
28 27.7 31.4
34 29.6 34.0
32 28.2 34.6
41 40.2 41.0
32 31.7 33.3
25 24.8 26.5
41 39.8 47.2
21 20.2 22.5
26 25.0 26.8
27 23.0 31.1
26 22.1 29.4
34 34.0 36.0
31 27.9 34.1
26 24.2 26.0
33 29.7 38.0
33 33.0 35.6
31 28.5 31.6
29 26.7 31.0
28 27.7 28.0
27 23.2 30.8
29 27.8 29.6
22 20.5 24.6
33 30.0 36.6
29 25.2 31.6
23 21.4 23.0
29 27.0 33.4
24 23.0 27.4
26 25.2 28.3
35 30.8 38.5
31 27.9 32.2
34 31.3 35.4
28 23.8 31.1
26 24.4 29.4
28 26.0 32.2
26 23.7 27.3
19 17.7 21.9
23 19.8 23.5
31 31.0 31.0
25 21.5 25.8
31 28.2 31.9
26 23.4 26.5
33 29.7 36.0
23 19.6 25.1
34 29.9 34.3
22 21.6 24.4
25 22.3 27.8
21 18.3 23.1
34 32.0 37.4
30 26.1 31.8
23 19.6 23.9
35 32.2 38.2
33 31.0 34.3
27 24.0 30.2
22 20.0 23.1
35 29.8 36.8
36 31.0 39.6
32 30.7 33.9
29 28.1 29.3
37 34.8 37.4
28 23.8 31.6
26 23.1 29.4
26 24.4 26.8
28 28.0 29.1
23 22.3 25.1
26 22.9 26.0
22 20.9 24.2
34 34.0 34.3
34 29.6 38.8
25 22.5 26.3
24 23.5 24.7
27 25.4 29.2
18 16.7 18.0
35 32.6 37.8
35 30.5 36.4
27 23.8 31.1
29 26.7 29.0
25 23.8 28.5
33 28.4 34.3
33 31.4 33.3
42 41.2 46.2
25 23.3 28.5
37 33.7 39.6
34 32.3 35.7
33 31.0 34.0
28 27.7 30.5
30 29.1 30.0
25 21.8 27.5
26 25.5 28.6
30 29.7 34.2
33 33.0 35.0
33 33.0 33.0
23 21.6 23.5
37 37.0 42.2
29 27.3 32.2
29 24.9 32.2
22 21.3 23.8
31 28.8 34.7
31 29.5 32.6
27 24.3 29.4
30 25.5 31.8
26 25.2 27.8
35 33.6 39.9
28 26.3 29.4
37 34.4 42.2
31 29.5 33.2
21 21.0 21.0
35 32.9 38.5
24 20.6 24.0
37 32.9 40.0
22 19.4 23.3
32 27.2 36.8
29 24.9 30.7
28 26.6 30.0
33 28.1 34.0
47 40.4 53.6
26 24.2 27.3
33 32.7 35.3
35 29.8 36.1
29 27.3 33.1
40 36.0 42.8
29 27.8 33.1
27 26.7 28.6
29 26.4 31.6
30 25.8 32.4
26 25.7 27.3
17 15.1 19.0
32 29.8 33.6
34 32.6 34.7
29 24.7 29.6
25 23.0 27.5
31 31.0 34.1
36 31.3 40.3
38 33.4 42.2
36 33.5 39.6
28 25.8 30.8
29 29.0 33.1
24 22.8 27.6
31 28.8 34.1
32 28.5 36.2
26 24.7 26.0
27 26.5 27.8
33 31.4 34.3
24 20.4 26.9
33 29.0 37.0
25 21.3 25.8
27 24.6 28.6
41 35.7 45.5
31 28.2 33.5
23 20.9 24.8
30 25.5 30.3
22 19.6 23.8
30 29.4 31.2
34 32.6 38.8
34 31.6 36.7
27 24.3 29.2
37 32.9 40.3
31 31.0 31.6
25 24.8 25.8
34 33.7 37.1
28 27.7 28.8
25 24.8 28.0
31 29.5 33.8
24 23.8 27.4
32 27.8 33.6
25 23.8 28.5
34 28.9 36.4
28 25.8 28.0
37 35.5 38.5
28 25.2 31.9
32 32.0 33.0
22 18.7 22.2
39 33.5 41.7
23 22.8 24.4
19 17.9 19.6
24 21.8 24.7
33 33.0 33.3
36 34.9 41.4
34 32.0 35.4
26 24.4 29.9
26 24.7 28.6
40 35.2 41.2
28 26.3 28.6
33 29.7 35.3
29 27.3 29.3
41 41.0 42.6
35 32.6 38.2
35 31.5 40.3
26 23.9 27.6
35 33.6 38.9
32 31.0 36.8
35 35.0 38.5
31 27.9 32.6
24 20.4 24.7
27 24.3 29.7
34 29.9 37.7
26 23.1 27.8
22 18.7 24.2
35 32.6 36.4
36 34.9 40.3
32 31.7 35.2
18 15.5 19.6
32 28.8 34.6
28 23.8 29.1
25 21.8 28.5
26 24.7 26.0
31 27.9 33.2
33 30.7 33.3
35 30.5 36.1
33 31.0 36.3
36 34.2 37.8
27 25.4 29.2
31 28.5 31.6
38 33.4 40.7
32 29.8 34.9
31 28.5 31.6
26 25.2 26.8
21 19.7 22.5
31 27.9 35.3
28 26.9 28.0
30 28.8 31.5
34 31.6 37.1
25 25.0 26.8
30 26.4 30.9
26 25.7 26.0
25 23.0 25.3
30 27.9 33.3
25 24.0 26.8
29 28.4 32.2
23 20.2 23.9
24 22.6 26.4
27 23.5 31.1
20 18.8 21.8
34 30.6 38.4
42 37.0 46.6
36 32.0 40.3
30 26.7 30.9
25 21.5 26.5
32 29.1 33.3
28 26.9 28.0
21 18.1 21.0
30 30.0 30.0
29 27.6 33.4
27 24.3 30.2