1500
5 4.9 5.4
3 2.9 3.5
1 1.0 1.2
2 1.7 2.1
2 1.9 2.3
5 4.5 5.4
4 3.9 4.6
5 4.6 5.7
4 4.0 4.3
4 3.7 4.2
3 2.8 3.4
5 4.4 5.4
1 0.9 1.1
3 2.7 3.2
4 3.7 4.0
3 2.9 3.0
3 2.9 3.2
1 1.0 1.1
1 1.0 1.1
4 3.6 4.4
3 2.6 3.3
2 1.8 2.1
2 1.9 2.1
3 2.9 3.4
5 4.4 5.1
1 1.0 1.1
2 1.7 2.3
4 3.8 4.2
4 3.6 4.4
3 2.6 3.3
4 3.6 4.6
5 4.6 5.5
5 4.9 5.3
1 0.9 1.1
3 2.9 3.0
5 4.9 5.1
3 2.7 3.5
2 2.0 2.2
1 0.9 1.1
4 3.9 4.2
1 1.0 1.0
4 3.4 4.4
2 1.9 2.3
1 0.9 1.0
1 1.0 1.1
5 4.9 5.7
4 3.8 4.5
2 1.9 2.0
1 1.0 1.1
2 1.8 2.1
3 2.7 3.2
1 0.9 1.1
1 0.9 1.1
1 1.0 1.0
2 1.8 2.1
1 1.0 1.1
4 3.8 4.5
5 4.3 5.2
3 2.6 3.3
4 3.9 4.0
2 1.7 2.3
1 0.9 1.1
1 1.0 1.1
1 0.9 1.2
5 4.5 5.1
1 1.0 1.0
4 3.4 4.4
1 0.9 1.0
5 4.4 5.4
1 1.0 1.0
2 1.7 2.2
1 0.9 1.2
3 2.7 3.1
2 1.8 2.2
3 2.6 3.5
2 1.9 2.2
5 4.6 5.2
1 1.0 1.1
4 3.4 4.0
4 3.4 4.4
5 4.5 5.6
5 4.9 5.6
4 3.8 4.4
4 3.4 4.6
4 3.8 4.5
3 2.8 3.3
1 0.9 1.0
5 4.7 5.2
3 2.6 3.4
5 4.8 5.1
2 1.8 2.1
2 1.8 2.2
4 4.0 4.3
2 2.0 2.2
1 1.0 1.1
5 4.7 5.5
1 0.9 1.0
2 1.7 2.1
1 1.0 1.1
3 2.7 3.2
5 4.7 5.7
1 1.0 1.1
3 2.8 3.3
3 2.8 3.4
5 4.6 5.8
2 2.0 2.3
1 0.9 1.0
2 1.9 2.2
4 3.4 4.0
5 4.9 5.2
3 2.7 3.2
1 1.0 1.1
2 1.8 2.3
3 2.7 3.2
1 1.0 1.1
1 0.9 1.1
1 0.9 1.0
3 3.0 3.2
2 1.7 2.3
3 2.6 3.4
4 3.5 4.4
5 4.7 5.3
2 1.7 2.2
4 3.5 4.5
3 2.7 3.4
5 4.7 5.4
2 1.7 2.1
3 2.6 3.2
2 2.0 2.0
4 3.4 4.1
5 4.4 5.6
2 1.8 2.2
1 0.9 1.1
1 0.9 1.1
1 0.9 1.0
1 0.9 1.1
4 4.0 4.1
5 4.5 5.0
5 4.5 5.7
5 4.9 5.3
5 4.4 5.7
2 1.7 2.1
2 1.9 2.1
4 3.9 4.5
2 1.8 2.2
1 0.9 1.1
4 3.5 4.3
5 4.5 5.3
5 5.0 5.3
1 0.9 1.1
5 4.7 5.0
3 2.7 3.5
4 3.8 4.0
1 0.9 1.0
4 3.7 4.3
4 3.5 4.1
1 0.9 1.1
4 3.4 4.2
2 1.9 2.1
2 1.8 2.3
4 3.4 4.3
4 3.8 4.0
4 4.0 4.5
1 0.9 1.1
4 3.5 4.4
3 2.8 3.2
1 0.9 1.0
1 1.0 1.1
3 2.8 3.4
4 3.4 4.5
1 0.9 1.2
5 4.6 5.6
2 1.8 2.2
5 4.4 5.4
5 4.7 5.7
2 1.9 2.2
5 4.3 5.2
3 2.8 3.3
1 0.9 1.1
4 3.8 4.6
1 0.9 1.1
4 3.9 4.3
1 1.0 1.1
5 4.7 5.8
1 0.9 1.0
4 3.8 4.0
2 1.8 2.2
3 2.6 3.0
1 0.9 1.1
5 4.9 5.8
2 1.8 2.0
3 2.8 3.1
5 4.3 5.6
5 4.9 5.3
1 1.0 1.2
4 4.0 4.4
5 4.9 5.2
4 3.6 4.1
2 1.8 2.1
1 0.9 1.0
2 2.0 2.1
5 4.9 5.3
5 4.4 5.3
1 1.0 1.1
1 1.0 1.1
2 2.0 2.2
1 0.9 1.1
4 3.9 4.6
2 1.9 2.1
4 4.0 4.5
5 4.7 5.4
2 2.0 2.3
3 2.8 3.4
1 0.9 1.0
1 0.9 1.0
1 0.9 1.1
3 2.9 3.0
2 1.9 2.0
2 1.7 2.0
1 0.9 1.1
3 2.8 3.4
5 4.4 5.7
3 3.0 3.3
2 1.8 2.2
1 0.9 1.0
1 0.9 1.0
5 4.9 5.4
4 3.9 4.6
4 3.6 4.2
4 4.0 4.5
4 3.7 4.0
5 4.8 5.5
2 1.7 2.2
4 3.7 4.4
4 3.5 4.5
1 0.9 1.1
5 4.8 5.2
4 3.8 4.0
2 1.9 2.1
2 1.7 2.1
1 0.9 1.1
4 3.8 4.4
4 3.4 4.0
4 3.5 4.6
4 3.8 4.6
5 4.4 5.6
5 5.0 5.7
5 4.7 5.7
2 1.7 2.3
2 1.7 2.0
3 2.7 3.2
3 2.8 3.2
6 5.8 6.4
4 3.9 4.6
2 1.8 2.2
4 3.6 4.0
2 1.9 2.1
6 5.8 6.2
3 2.9 3.0
5 4.3 5.3
8 7.8 9.2
5 4.4 5.5
5 5.0 5.6
2 2.0 2.1
8 7.7 9.0
4 3.6 4.3
6 5.3 6.9
8 7.9 9.1
2 1.8 2.2
8 7.7 8.7
5 4.7 5.5
6 5.9 6.5
5 4.8 5.6
3 3.0 3.4
8 8.0 9.0
7 6.9 7.4
5 4.6 5.8
5 4.3 5.1
8 7.8 8.6
7 6.4 7.4
4 3.7 4.5
6 5.2 6.8
7 6.9 7.9
5 4.3 5.6
6 5.8 6.4
8 7.6 8.1
3 2.8 3.4
7 7.0 7.8
5 4.9 5.5
6 5.9 6.1
2 1.8 2.0
5 4.9 5.7
2 1.8 2.3
7 6.1 7.2
2 1.7 2.0
4 3.5 4.6
8 7.8 8.6
7 6.7 7.0
8 7.8 8.2
4 3.8 4.4
7 6.5 7.2
2 1.7 2.2
2 2.0 2.1
4 3.5 4.1
7 6.9 7.7
3 2.9 3.3
6 5.5 6.7
5 5.0 5.1
5 4.7 5.4
6 5.6 6.2
8 7.3 8.2
4 3.5 4.5
8 7.0 8.6
6 5.8 6.5
8 7.4 8.8
5 4.3 5.5
4 3.5 4.5
8 7.6 8.2
6 5.8 6.2
4 3.9 4.2
8 7.0 8.8
6 5.8 6.4
6 5.1 6.6
2 1.7 2.0
6 5.6 6.9
6 5.7 6.7
3 2.6 3.3
4 3.8 4.5
5 4.5 5.5
6 6.0 6.2
4 3.4 4.2
4 3.6 4.2
7 6.5 7.8
6 5.6 6.6
3 3.0 3.1
2 2.0 2.0
5 4.6 5.5
5 4.8 5.4
7 6.7 7.8
5 5.0 5.1
6 6.0 6.4
2 1.9 2.2
6 5.9 6.6
7 6.9 7.6
7 6.0 7.0
4 3.4 4.6
5 4.5 5.2
5 4.7 5.1
4 3.9 4.0
6 5.8 6.4
4 3.9 4.3
6 5.3 6.7
3 2.7 3.2
7 6.7 7.8
3 2.6 3.5
8 7.0 8.0
8 8.0 8.2
8 6.9 9.1
4 3.4 4.4
8 7.3 9.0
7 6.4 7.4
2 1.7 2.1
6 5.9 6.3
3 2.7 3.2
2 1.7 2.0
2 1.9 2.1
8 6.9 8.7
6 5.6 6.7
4 3.6 4.4
2 2.0 2.2
2 1.8 2.2
7 6.7 7.2
8 7.4 8.0
2 1.9 2.1
4 3.7 4.3
5 4.3 5.7
2 1.7 2.0
5 4.8 5.5
4 3.4 4.1
8 7.2 8.1
2 2.0 2.1
3 2.7 3.2
5 4.4 5.7
5 4.5 5.3
8 7.8 8.2
8 7.2 8.5
8 6.9 8.8
7 6.4 7.4
6 5.2 6.1
7 6.7 8.1
3 2.9 3.2
5 4.7 5.8
2 1.9 2.3
6 5.2 6.0
3 2.9 3.2
6 5.8 6.1
3 2.6 3.4
5 5.0 5.1
7 6.6 8.1
7 6.9 7.6
7 6.5 7.0
8 7.4 9.2
6 5.3 6.2
4 3.9 4.0
4 3.5 4.5
5 4.7 5.5
2 2.0 2.0
5 4.8 5.7
2 2.0 2.1
4 3.8 4.2
5 4.9 5.0
3 3.0 3.1
4 4.0 4.1
6 5.5 6.3
6 5.9 6.1
2 2.0 2.3
7 6.2 7.8
5 4.5 5.6
2 1.8 2.2
4 3.5 4.2
5 4.7 5.2
2 1.8 2.2
5 4.9 5.2
7 6.4 7.7
7 6.9 7.8
7 6.0 7.4
5 4.7 5.0
8 7.5 8.6
7 7.0 7.4
3 3.0 3.2
5 4.8 5.1
3 2.7 3.3
7 6.4 7.1
8 7.3 8.9
3 2.8 3.1
6 5.5 6.4
3 2.6 3.4
5 5.0 5.3
7 6.1 7.9
7 6.3 7.8
5 4.5 5.3
5 4.8 5.4
6 5.4 6.1
5 4.9 5.5
8 7.2 8.7
3 2.6 3.2
2 1.8 2.1
2 1.7 2.2
5 4.6 5.3
6 5.7 6.1
5 4.9 5.0
8 7.5 8.6
7 6.9 7.4
8 7.4 9.1
5 4.4 5.1
5 4.9 5.4
5 4.5 5.0
5 4.5 5.3
6 5.9 6.9
4 3.4 4.2
7 6.9 7.4
4 4.0 4.2
6 5.6 6.1
4 3.4 4.4
3 3.0 3.2
3 2.9 3.2
5 4.3 5.0
3 2.7 3.1
6 5.3 6.5
2 1.9 2.3
5 4.4 5.4
4 3.5 4.1
8 7.4 9.2
2 1.7 2.3
4 3.8 4.4
8 7.8 9.0
4 3.4 4.5
3 2.8 3.4
5 4.4 5.1
8 7.7 9.1
4 3.8 4.1
7 6.2 7.7
8 7.8 8.7
5 5.0 5.8
3 2.6 3.2
6 5.9 6.7
6 5.3 6.8
8 7.2 9.2
8 7.6 8.6
5 4.7 5.0
4 3.8 4.4
4 3.9 4.0
6 5.4 6.5
3 2.7 3.0
6 5.9 6.2
2 2.0 2.0
6 5.2 6.4
6 5.8 6.2
2 1.8 2.2
8 7.9 8.8
2 2.0 2.1
6 6.0 6.1
2 2.0 2.1
7 7.0 7.8
2 1.8 2.0
4 3.6 4.2
5 4.3 5.2
2 2.0 2.2
5 4.6 5.4
2 1.8 2.3
5 4.7 5.8
7 6.8 7.1
6 5.9 6.8
2 2.0 2.2
5 4.9 5.4
5 4.8 5.4
4 3.4 4.4
4 3.4 4.3
2 1.8 2.1
5 4.8 5.2
2 1.9 2.2
7 6.8 7.7
3 2.9 3.3
8 7.2 8.2
7 6.8 7.3
8 7.6 8.9
8 7.6 8.3
3 2.7 3.3
6 5.9 6.3
5 4.7 5.6
5 4.5 5.8
3 2.9 3.2
8 6.9 8.2
2 1.8 2.0
3 3.0 3.2
3 2.9 3.4
2 1.9 2.1
3 2.6 3.3
4 3.9 4.4
5 4.8 5.0
2 1.9 2.1
7 6.5 7.8
2 2.0 2.1
8 6.9 9.0
5 5.0 5.1
2 1.7 2.3
8 7.6 8.1
2 1.8 2.2
4 3.7 4.1
7 6.4 7.8
4 3.6 4.1
8 7.0 9.0
7 6.5 7.2
2 1.8 2.2
3 3.0 3.4
4 3.6 4.2
4 3.8 4.2
8 7.8 9.1
5 4.9 5.7
6 5.6 6.2
5 4.9 5.7
7 6.8 8.0
3 2.7 3.1
4 3.8 4.3
3 2.7 3.1
8 7.9 9.1
4 3.8 4.5
8 7.5 8.1
7 6.8 7.6
7 6.0 8.0
4 3.6 4.1
7 6.2 7.6
2 1.8 2.2
2 1.8 2.1
8 7.0 8.0
8 7.2 9.1
7 6.2 7.8
2 2.0 2.1
5 4.7 5.5
5 4.7 5.7
3 2.8 3.3
8 7.0 8.5
2 1.8 2.2
4 4.0 4.2
4 3.8 4.0
3 2.8 3.1
7 6.2 7.6
8 7.8 9.0
7 6.9 7.7
7 6.2 7.1
8 7.5 9.2
2 2.0 2.1
2 2.0 2.3
6 5.8 6.0
4 4.0 4.4
3 2.9 3.1
8 7.0 9.1
2 2.0 2.3
2 1.9 2.3
6 5.6 6.1
7 6.2 7.8
4 3.5 4.1
7 6.9 7.0
6 5.6 6.1
8 6.8 8.1
8 7.9 8.2
6 5.2 6.0
5 4.4 5.8
7 6.1 7.8
4 4.0 4.1
2 1.8 2.3
7 6.4 7.2
4 3.5 4.6
5 4.6 5.1
4 4.0 4.4
7 6.2 8.1
3 2.8 3.3
2 1.8 2.1
5 4.4 5.4
5 4.6 5.8
4 3.8 4.6
6 5.8 6.7
2 1.9 2.1
3 2.7 3.1
8 7.4 8.9
4 3.6 4.2
4 3.8 4.4
2 1.7 2.2
8 7.4 9.1
8 8.0 8.2
8 7.8 9.2
4 3.5 4.1
4 3.7 4.1
8 7.9 8.1
2 1.7 2.2
3 2.6 3.1
7 6.2 7.1
8 7.0 8.2
6 5.3 6.2
7 6.5 7.2
7 6.3 7.4
5 4.7 5.6
8 7.8 8.4
6 5.2 6.4
8 7.7 8.1
2 1.8 2.0
4 3.6 4.5
3 2.9 3.4
7 7.0 7.6
7 6.0 7.2
8 7.6 9.0
8 6.8 9.2
2 2.0 2.0
8 7.0 8.9
8 7.8 8.0
4 3.7 4.5
3 2.7 3.4
8 7.5 8.1
3 2.6 3.2
8 7.1 8.4
5 4.8 5.7
8 7.5 8.2
3 2.9 3.1
2 1.8 2.2
2 1.7 2.3
7 6.9 8.0
8 7.3 8.1
8 7.1 8.9
4 4.0 4.5
6 5.7 6.9
6 5.3 6.7
5 4.5 5.5
4 3.9 4.4
6 5.3 6.8
5 4.5 5.0
3 2.8 3.2
6 5.7 6.8
6 5.8 6.4
5 4.8 5.4
2 1.9 2.2
8 7.4 9.0
3 2.8 3.1
2 2.0 2.0
8 7.7 8.5
5 5.0 5.4
3 2.6 3.5
5 4.6 5.6
4 3.7 4.4
5 4.4 5.6
7 6.0 8.0
2 1.8 2.0
6 5.3 6.1
4 3.4 4.4
3 2.9 3.1
4 3.9 4.2
5 4.4 5.3
7 7.0 7.1
3 3.0 3.4
6 5.7 6.4
4 3.6 4.3
2 2.0 2.2
5 4.8 5.4
6 5.1 6.8
2 1.8 2.2
2 2.0 2.0
2 1.9 2.1
7 6.0 7.1
3 2.9 3.5
2 1.9 2.0
8 6.8 8.7
7 6.2 7.8
6 5.5 6.3
3 2.9 3.0
4 3.6 4.5
3 2.7 3.3
5 4.5 5.2
2 1.8 2.1
8 7.0 8.9
5 4.9 5.5
6 5.4 6.2
7 6.4 8.1
2 2.0 2.1
8 7.0 8.8
7 6.8 7.1
5 4.3 5.3
3 2.8 3.0
3 2.9 3.2
5 4.4 5.4
5 4.3 5.4
5 4.6 5.3
8 7.3 8.5
7 6.9 7.7
8 7.6 8.4
6 5.3 6.4
4 4.0 4.1
5 5.0 5.4
2 1.9 2.1
5 4.9 5.4
3 2.9 3.1
4 3.8 4.0
3 2.6 3.5
2 1.8 2.0
6 5.9 6.7
6 5.3 6.5
7 6.9 7.7
4 4.0 4.4
7 6.9 7.6
8 7.8 8.2
6 5.3 6.0
5 4.3 5.1
7 6.0 7.5
7 6.8 7.6
9 9.0 9.6
9 7.7 10.2
6 5.9 6.1
5 5.0 5.2
10 8.5 11.5
10 9.4 10.7
8 7.4 8.1
9 8.7 10.2
8 8.0 9.2
5 4.4 5.7
10 9.5 11.4
5 4.7 5.1
5 4.8 5.5
9 8.6 9.5
7 6.8 7.1
6 5.9 6.3
6 5.9 6.3
6 5.6 6.1
6 5.1 6.4
9 7.7 10.3
5 4.7 5.4
6 5.8 6.3
9 7.8 9.6
8 7.2 8.6
8 8.0 8.6
9 8.6 9.5
6 5.1 6.5
6 6.0 6.7
9 8.3 9.5
8 8.0 8.3
6 5.6 6.0
10 9.6 10.5
5 5.0 5.8
10 8.5 11.4
8 7.2 9.0
10 8.7 11.5
7 6.2 7.6
8 7.9 8.6
10 9.7 10.5
5 4.4 5.7
9 7.8 9.5
8 7.8 8.4
8 7.8 8.7
9 8.7 9.2
7 6.5 8.0
8 7.0 8.0
7 6.4 7.3
6 5.8 6.5
9 8.2 9.1
6 5.8 6.0
8 7.0 9.0
6 5.6 6.0
7 6.7 7.4
9 8.8 9.0
6 5.5 6.4
6 5.5 6.8
6 5.3 6.8
9 8.6 10.4
5 4.6 5.7
5 4.9 5.5
7 6.1 7.1
8 7.4 8.2
6 5.3 6.2
9 8.7 9.4
5 4.4 5.2
8 7.8 8.4
10 9.4 11.0
5 4.3 5.6
10 8.8 10.8
8 7.8 8.6
9 7.9 9.4
10 9.2 11.0
7 6.4 7.0
7 6.6 7.6
5 4.9 5.2
9 8.2 9.4
8 7.0 8.1
8 7.4 8.7
6 5.2 6.4
8 7.1 8.2
5 4.8 5.6
6 5.5 6.2
8 7.3 9.0
7 6.7 7.8
9 8.7 9.5
9 8.4 9.5
9 8.0 9.5
8 7.0 8.3
5 4.6 5.1
7 6.2 7.4
7 6.3 7.6
10 9.9 10.0
9 8.5 9.2
5 4.9 5.3
10 9.0 10.5
9 8.4 10.0
5 4.8 5.6
8 7.5 9.2
8 7.4 8.2
7 6.8 7.7
7 6.5 7.8
9 7.7 9.2
7 6.6 7.5
9 8.1 10.1
7 6.2 7.5
6 5.6 6.4
9 8.8 9.4
10 9.1 11.0
8 7.8 8.4
8 7.5 8.5
10 8.9 10.1
7 6.4 7.6
8 7.8 9.2
7 6.6 7.1
7 6.9 7.1
9 7.8 10.4
5 4.7 5.3
7 6.0 8.1
8 7.4 8.2
10 9.8 11.5
8 7.7 8.0
6 5.2 6.0
7 6.8 7.1
10 8.8 10.8
10 8.9 10.2
10 8.9 10.4
7 6.1 7.3
7 6.9 7.9
9 8.6 10.1
9 8.9 9.9
9 8.4 10.4
9 8.2 9.5
6 5.6 6.0
5 4.6 5.8
10 9.1 11.1
8 7.8 9.1
6 5.8 6.2
5 4.5 5.0
6 5.9 6.1
9 8.5 9.5
7 6.8 7.0
10 9.7 11.1
5 4.5 5.1
9 9.0 9.3
7 6.0 7.6
9 8.6 10.1
5 5.0 5.1
10 9.9 10.8
6 5.9 6.7
5 4.5 5.4
7 6.4 7.4
7 6.6 8.0
9 7.8 10.4
8 7.5 8.4
5 4.5 5.6
7 6.0 8.0
7 6.9 7.6
7 7.0 7.2
5 5.0 5.3
6 5.2 6.3
7 6.2 8.0
5 4.4 5.5
6 6.0 6.6
8 7.1 8.7
8 7.1 8.1
10 9.2 11.5
7 6.4 7.1
6 5.1 6.9
9 8.5 9.5
8 6.9 8.0
5 4.4 5.4
9 7.7 9.8
6 5.5 6.7
7 6.4 7.0
10 8.8 11.1
9 8.5 10.2
9 8.7 10.4
9 8.0 10.0
6 5.2 6.1
7 6.3 7.1
9 8.1 10.2
5 4.9 5.0
7 6.7 7.1
10 8.6 10.1
9 8.2 9.1
8 7.9 8.6
5 4.8 5.3
10 10.0 11.0
8 7.8 8.4
10 9.7 11.5
8 7.4 9.0
10 9.7 10.1
5 4.7 5.3
5 4.6 5.6
9 8.3 9.5
5 4.5 5.4
6 5.8 6.3
10 9.2 10.8
6 5.9 6.7
9 8.5 9.7
6 5.2 6.6
6 5.9 6.1
5 4.8 5.4
9 8.5 10.1
8 7.2 8.2
9 8.6 9.1
8 8.0 9.0
9 7.9 9.9
8 7.7 9.0
10 9.3 10.0
7 6.0 7.0
5 4.5 5.4
10 8.8 10.2
9 8.6 9.2
9 8.0 9.4
8 7.3 8.2
8 7.9 8.1
8 7.7 9.0
9 7.7 9.5
5 4.7 5.7
6 5.8 6.4
5 4.3 5.5
8 7.1 9.0
5 4.7 5.4
5 5.0 5.5
8 7.0 8.7
10 9.3 10.0
8 6.9 8.3
9 7.9 10.2
5 4.6 5.2
5 4.6 5.2
8 7.5 8.6
10 8.8 11.2
5 4.7 5.3
10 9.6 10.2
10 9.9 10.5
5 5.0 5.8
7 6.2 7.9
10 9.8 11.1
6 5.9 6.1
7 6.4 7.1
9 7.7 9.3
10 9.6 10.9
5 4.6 5.6
8 7.2 8.8
7 6.0 7.2
5 4.7 5.0
10 9.9 11.3
5 4.9 5.2
7 6.7 7.1
6 5.3 6.1
10 9.0 11.3
6 5.6 6.7
8 7.7 8.5
8 7.4 9.2
10 8.5 11.4
9 8.8 9.9
7 6.7 8.1
9 8.6 9.8
10 8.8 11.0
9 8.2 9.6
6 5.6 6.7
5 4.3 5.5
5 4.4 5.2
8 8.0 8.7
6 5.2 6.2
6 5.9 6.9
9 8.4 10.4
9 8.0 10.3
7 6.2 8.1
9 8.0 9.9
5 4.9 5.2
9 9.0 9.1
7 6.8 7.8
8 6.8 8.4
10 9.0 10.3
7 7.0 7.6
10 9.7 11.5
5 4.3 5.4
6 5.6 6.6
9 9.0 9.6
9 8.5 9.5
7 6.4 7.6
6 5.6 6.8
8 7.0 9.2
8 8.0 9.1
10 9.1 11.5
5 4.9 5.8
9 8.6 10.3
5 5.0 5.7
7 7.0 7.2
7 6.1 8.1
7 6.7 7.8
5 4.9 5.1
6 5.3 6.2
7 7.0 7.3
6 5.9 6.6
10 8.8 10.8
8 7.9 8.9
5 4.8 5.6
10 9.7 11.1
6 5.7 6.8
6 5.3 6.8
6 5.5 6.8
6 5.9 6.9
10 9.8 11.1
8 6.9 8.3
9 8.1 10.1
6 5.5 6.8
8 7.1 8.8
10 8.6 11.4
9 8.9 9.5
10 9.3 10.7
9 7.9 9.6
8 7.0 8.6
8 7.1 8.0
6 5.8 6.3
7 6.8 7.3
10 9.1 10.5
7 6.7 7.1
9 8.2 9.8
8 7.5 8.6
9 8.6 9.8
9 7.8 9.5
6 5.8 6.4
9 8.6 10.3
7 6.7 7.9
5 4.8 5.3
9 8.5 10.2
7 6.7 7.8
10 9.1 11.4
6 5.3 6.7
9 7.7 9.4
8 7.0 8.0
8 7.5 8.6
8 7.3 8.3
6 6.0 6.2
5 4.9 5.1
7 6.2 7.6
7 6.4 7.4
6 5.7 6.4
6 6.0 6.8
8 7.0 8.7
5 5.0 5.2
9 8.6 10.0
8 7.8 8.5
9 8.6 10.2
9 8.2 9.9
7 6.7 8.0
5 5.0 5.2
5 4.8 5.1
9 7.7 9.1
5 4.5 5.4
7 6.8 7.1
7 6.2 8.0
9 7.9 9.3
10 9.6 10.9
6 5.4 6.0
5 4.3 5.7
7 6.5 7.5
7 6.6 7.4
5 4.3 5.6
8 7.4 8.0
7 6.7 8.1
8 7.0 8.2
10 9.4 11.5
10 9.3 11.4
7 6.9 7.5
10 9.6 11.1
8 7.5 9.0
7 6.1 7.2
6 5.7 6.7
9 8.8 9.5
8 6.8 8.3
5 4.8 5.2
10 9.8 11.1
9 7.7 9.4
5 4.4 5.1
8 7.5 8.2
8 7.1 8.5
10 10.0 11.1
7 6.7 7.4
6 5.7 6.1
10 8.6 11.1
7 6.5 7.4
6 5.2 6.4
5 5.0 5.0
6 5.8 6.9
10 8.7 11.1
9 8.2 9.9
9 8.1 9.3
10 9.4 10.2
5 4.6 5.4
6 5.9 6.8
6 5.5 6.5
7 6.4 7.9
7 6.2 7.3
6 5.5 6.7
7 6.2 7.1
6 5.1 6.7
8 8.0 9.1
10 9.8 10.2
8 7.4 8.5
5 4.5 5.6
6 5.4 6.5
9 7.7 9.2
5 4.4 5.6
7 6.4 7.7
6 5.8 6.3
7 6.5 7.6
6 5.9 6.9
9 8.9 10.1
8 7.2 9.0
9 7.9 9.5
7 6.0 7.0
5 4.3 5.2
5 4.9 5.1
5 4.8 5.4
5 4.3 5.0
9 7.8 9.3
10 9.3 10.8
6 6.0 6.4
9 8.1 9.7
8 7.0 8.6
5 4.9 5.5
6 5.5 6.7
5 4.4 5.3
9 8.9 9.4
9 7.7 9.6
6 5.5 6.5
7 6.4 7.5
7 6.6 7.6
10 9.9 10.4
5 5.0 5.7
8 7.1 8.9
5 4.9 5.1
8 7.5 9.1
5 4.6 5.4
5 4.9 5.3
7 6.9 8.1
9 8.6 9.3
8 7.4 8.8
7 6.9 8.0
8 7.8 8.2
8 7.3 8.7
6 5.5 6.2
6 5.3 6.1
5 4.5 5.8
8 7.4 8.9
6 5.8 6.7
8 7.9 8.2
9 8.0 10.1
7 6.7 7.4
9 8.2 9.9
5 4.3 5.2
10 9.5 10.3
10 9.3 10.4
6 5.3 6.2
10 9.7 10.6
8 7.7 9.0
9 8.1 10.4
10 9.0 10.0
6 5.6 6.4
9 8.6 9.6
8 7.4 9.1
10 9.0 10.1
5 4.5 5.6
9 8.9 9.5
10 9.8 11.1
6 5.9 6.4
6 5.4 6.2
5 4.3 5.6
5 5.0 5.2
9 8.4 10.2
9 8.0 9.4
7 6.1 7.0
8 7.7 8.1
7 6.7 7.9
10 9.1 10.6
7 6.5 7.6
5 4.8 5.7
7 6.3 7.6
6 5.2 6.8
6 5.3 6.5
8 7.4 8.8
9 7.7 9.5
9 7.9 9.3
6 5.5 6.0
7 6.7 7.8
6 5.1 6.8
7 7.0 7.1
7 6.0 7.1
9 8.6 9.5
8 6.9 8.9
9 7.9 10.3
7 6.1 7.0
9 8.1 9.1
8 7.4 9.2
7 6.2 7.8
6 5.3 6.8
8 7.2 8.2
9 8.2 9.5
6 5.5 6.8
8 7.6 8.5
10 9.9 10.7
8 7.7 9.0
5 4.7 5.1
5 4.3 5.3
10 9.8 10.8
6 5.6 6.7
7 6.0 7.4
5 5.0 5.4
6 5.9 6.3
6 5.3 6.2
5 4.3 5.5
7 6.9 7.0
5 4.9 5.0
9 8.9 9.4
9 7.7 9.4
7 6.4 7.8
6 6.0 6.3
8 7.8 8.2
6 5.3 6.1
9 8.6 9.5
7 6.9 7.5
9 7.9 9.0
10 8.8 10.7
10 9.5 10.8
8 7.7 9.2
7 6.0 7.5
8 6.9 8.8
5 4.7 5.1
8 6.9 8.5
6 5.1 6.0
5 4.7 5.0
8 7.2 9.0
7 6.6 7.1
9 8.9 9.5
7 6.0 8.0
7 6.9 7.4
9 8.9 10.1
8 7.5 8.6
7 7.0 8.0
6 5.3 6.2
5 4.9 5.0
9 8.6 9.9
6 5.8 6.7
5 4.8 5.3
8 7.4 8.7
5 4.9 5.4
5 4.7 5.3
8 7.5 8.0
10 8.6 10.6
6 5.4 6.0
9 8.3 10.0
6 5.4 6.3
6 5.8 6.8
9 8.3 9.6
5 4.5 5.2
9 8.5 9.6
7 6.2 7.1
10 9.8 10.8
5 4.6 5.5
7 6.0 7.4
9 8.8 10.2
10 9.5 10.9
7 6.2 7.6
9 9.0 10.2
8 7.0 9.0
10 8.5 10.2
8 7.2 8.6
10 8.8 11.0
6 5.2 6.9
7 6.5 7.4
10 8.5 10.5
9 8.2 10.4
10 9.1 11.5
6 5.2 6.1
5 4.6 5.2
7 6.9 7.1
10 8.7 11.1
10 9.0 10.9
5 4.8 5.3
10 9.9 10.7
8 7.5 8.4
10 9.6 10.4
9 8.0 9.4
9 8.7 9.9
10 9.8 11.1
5 4.8 5.5
5 5.0 5.3
6 5.2 6.5
8 7.1 8.3
5 4.6 5.7
9 9.0 10.3
5 4.3 5.7
8 6.9 9.0
5 4.9 5.7
7 6.2 7.5
5 4.6 5.6
10 9.4 10.3
5 4.5 5.5
10 9.6 11.0
9 8.4 10.1
10 9.7 10.9
8 7.8 8.2
7 6.7 8.1
9 8.0 9.4
6 5.3 6.1
6 5.2 6.8
5 4.9 5.1
8 6.9 9.1
9 7.7 9.2
6 5.2 6.0
10 9.9 11.1
8 8.0 8.2
9 8.3 9.5
10 9.1 11.1
8 7.5 8.0
5 4.6 5.1
9 8.1 9.8
7 6.0 7.8
8 8.0 8.6
8 8.0 9.2
7 6.8 7.8
6 5.6 6.9
8 7.9 9.0
8 7.0 8.0
9 8.6 9.3
8 7.9 8.2
9 9.0 9.8
5 4.5 5.4
8 7.8 8.2
10 10.0 11.4
7 6.8 8.1
10 10.0 10.6
7 6.1 7.1
9 7.7 9.9
9 8.5 9.5
9 8.6 10.2
9 7.9 9.0
7 6.0 7.1
6 5.8 6.2
7 6.8 8.0
9 7.9 9.7
7 6.4 7.6
5 4.9 5.7
7 6.9 7.8
7 6.9 7.0
8 6.9 8.7
6 5.6 6.7
5 4.5 5.1
7 6.3 7.6
8 7.5 8.6
5 4.5 5.4
7 7.0 7.8
8 6.9 8.8
8 6.8 8.9
10 9.2 10.3
10 9.9 10.4
9 8.1 9.1
5 4.3 5.1
7 6.3 8.1
6 6.0 6.7
10 9.5 11.1
9 8.3 9.6
10 9.1 10.9
7 6.9 7.1
5 4.8 5.1
10 9.7 10.8
8 7.3 8.2
6 5.4 6.2
9 7.8 9.0
10 9.3 10.8
10 9.2 11.4
9 8.1 9.7
10 9.7 11.2
9 7.8 9.0
6 5.7 6.9
6 5.1 6.9
8 7.9 8.1
8 7.7 9.2
8 8.0 8.0
10 8.9 10.0
7 6.4 7.4
8 6.9 8.6
8 7.4 8.6
5 4.6 5.7
9 8.6 9.4
7 6.6 7.5
8 7.5 8.3
10 9.3 10.4
5 4.8 5.8
10 9.8 10.3
6 5.7 6.4
5 4.7 5.8
9 7.8 9.6
10 8.7 10.0
7 6.2 7.8
9 7.8 10.0
10 10.0 11.3
7 6.5 7.0
10 8.9 10.7
5 4.7 5.2
5 4.5 5.8
8 6.9 8.7
10 8.6 10.0
5 4.5 5.2
9 8.2 10.0
6 5.5 6.2
5 4.7 5.4
5 4.7 5.6
9 8.6 9.5
8 7.4 8.2
7 6.2 7.7
9 8.1 10.0
8 7.9 8.1
7 6.3 7.5
9 8.4 10.4
5 4.3 5.1
6 5.2 6.2
5 4.7 5.2
6 5.2 6.7
7 6.2 7.0
7 6.0 7.9
9 7.9 9.0
5 4.7 5.8
5 4.7 5.2
5 4.9 5.7
7 6.9 7.8
7 6.9 7.2
6 5.2 6.1
10 9.6 11.2
8 8.0 8.7
5 4.5 5.1
6 5.2 6.2
8 7.4 8.3
5 5.0 5.4
8 8.0 8.3
10 9.8 11.5
7 6.4 7.4
6 5.2 6.6
9 8.9 9.9
5 4.6 5.4
5 4.9 5.4
9 8.7 9.4
5 5.0 5.5
7 6.9 8.1
500
29 27.8 31.9
23 20.5 24.2
22 22.0 22.0
34 33.7 36.0
37 37.0 41.4
31 30.4 35.0
30 27.3 33.0
38 32.7 39.1
32 30.7 32.3
29 24.9 31.9
35 34.3 39.2
36 31.0 38.9
33 28.4 36.0
30 29.7 33.6
34 30.6 34.7
22 20.5 24.6
25 24.5 25.0
39 35.5 43.3
29 27.6 29.6
35 35.0 38.2
26 23.7 26.0
28 26.3 31.9
38 33.1 38.0
31 29.5 34.4
29 27.6 31.9
27 24.0 27.5
29 25.2 33.4
27 23.0 30.8
26 25.0 29.9
25 22.5 27.5
24 21.6 26.6
36 36.0 36.4
25 23.5 25.5
30 29.7 30.6
31 26.4 32.6
23 21.4 25.5
25 22.3 27.8
31 30.1 32.2
31 30.4 32.2
31 27.6 33.8
25 21.3 28.3
27 23.8 29.7
36 33.5 39.2
31 30.7 35.0
38 35.3 42.9
31 28.8 33.2
24 20.9 25.2
35 29.8 36.8
28 25.5 28.6
28 25.5 29.1
25 21.8 27.5
30 28.8 30.0
16 14.1 16.6
31 26.7 31.6
29 24.7 32.5
30 27.6 33.6
28 27.4 29.1
34 30.6 35.7
34 31.3 35.4
32 29.8 34.6
32 31.4 32.6
27 24.6 27.5
35 32.6 40.3
28 26.0 31.1
26 25.0 27.6
33 30.0 35.3
28 27.4 29.4
35 32.6 40.3
34 29.9 34.7
27 25.1 27.0
35 30.5 37.1
23 21.6 23.5
31 27.6 34.7
25 23.0 26.5
31 28.8 31.0
26 26.0 29.4
34 33.7 35.0
29 24.7 29.6
27 23.2 30.2
28 24.4 28.0
27 25.9 27.8
31 30.4 33.2
26 22.9 28.1
26 22.1 26.3
27 24.6 30.8
30 28.8 30.0
34 29.9 35.7
28 27.7 28.8
22 20.0 24.9
28 26.6 30.2
33 30.4 36.6
30 25.8 34.2
30 29.1 30.9
31 28.5 31.9
24 20.4 26.2
31 30.1 35.0
33 32.3 37.3
38 36.1 43.7
29 28.4 33.4
32 27.8 33.0
38 32.3 39.9
29 27.3 29.3
29 28.4 29.6
28 27.4 30.5
29 25.5 31.0
31 29.1 33.5
26 24.4 29.6
28 23.8 29.7
25 24.3 27.3
30 26.4 33.9
26 25.7 26.8
27 23.5 28.6
33 29.4 37.0
35 30.1 37.5
26 23.7 28.6
33 31.7 34.0
28 27.7 28.6
32 31.7 32.3
25 24.5 25.0
24 21.6 24.2
33 30.4 36.6
27 25.4 30.5
26 22.9 28.9
33 33.0 36.6
32 31.7 36.2
34 31.3 38.4
31 26.7 34.7
43 37.0 49.0
26 25.5 26.8
32 32.0 32.6
23 21.4 25.1
25 23.5 27.5
15 14.6 15.3
32 28.2 36.8
27 26.2 29.7
36 32.8 38.9
29 28.4 33.4
23 19.6 26.2
23 22.3 25.8
33 29.7 35.6
36 35.3 36.7
21 18.1 22.1
40 37.6 43.2
28 26.9 32.2
25 21.5 28.8
28 24.9 29.7
32 27.5 36.5
24 21.4 27.6
33 31.4 38.0
29 26.1 30.2
26 25.7 27.6
36 32.4 36.0
32 28.2 36.8
22 19.4 25.3
28 25.2 31.6
24 20.4 26.2
35 32.9 38.2
31 30.4 34.4
33 33.0 33.7
35 34.0 36.1
24 20.9 24.5
30 25.5 34.2
31 28.8 34.4
22 20.0 24.9
24 20.9 24.7
28 24.4 28.8
26 23.1 26.3
26 22.4 27.3
43 36.6 46.0
27 26.2 31.1
29 25.2 30.7
22 21.8 22.0
22 21.1 23.5
20 18.6 21.0
30 30.0 34.5
27 23.8 28.9
33 29.7 35.3
31 29.5 34.4
37 35.5 37.0
30 28.5 33.9
28 26.0 28.0
25 23.0 27.5
21 18.5 22.3
35 32.9 39.2
36 35.3 40.7
30 27.3 31.5
35 34.7 37.1
27 25.1 30.0
38 36.9 38.4
13 12.9 14.6
30 27.6 32.4
34 31.6 35.4
20 17.2 20.6
28 25.8 28.0
28 26.6 28.8
33 30.0 35.6
24 20.9 26.6
33 30.7 34.7
27 23.2 29.2
25 22.5 25.8
29 25.2 31.3
33 32.7 33.0
35 34.3 35.0
28 25.8 31.6
25 24.8 27.3
27 25.1 29.7
25 24.0 25.8
30 25.5 31.8
31 26.4 33.2
33 28.7 37.3
40 37.6 42.4
32 27.5 35.8
23 21.9 23.0
36 30.6 40.7
34 34.0 38.8
26 23.4 26.5
26 22.9 26.8
27 23.5 27.0
27 23.2 30.5
21 18.1 22.3
29 27.6 32.5
25 21.8 28.8
24 22.1 27.6
32 27.2 32.3
16 15.4 17.6
20 17.4 22.4
32 29.4 36.5
29 25.2 29.9
36 35.6 38.5
35 30.5 37.8
29 26.7 29.6
26 24.7 28.1
27 23.8 27.5
29 26.7 29.3
27 24.6 27.5
26 23.9 29.1
32 30.4 35.5
31 30.7 34.4
25 23.3 25.3
27 24.3 30.0
24 20.4 25.4
35 34.7 37.5
29 25.5 29.9
31 30.1 31.6
30 29.1 34.2
37 31.5 39.2
30 28.5 30.0
33 29.4 33.7
31 27.6 34.7
23 22.5 26.0
23 22.3 25.1
28 24.1 31.6
26 26.0 29.9
24 21.8 24.7
32 30.1 36.2
31 30.4 32.9
36 34.6 37.4
31 27.6 31.6
32 29.1 33.6
35 31.2 38.2
29 25.2 30.2
26 22.1 27.8
36 33.8 37.1
27 23.2 29.7
35 33.6 36.4
24 22.1 25.2
27 23.2 30.0
36 34.6 39.2
27 23.2 31.1
31 29.8 34.7
25 21.5 28.8
30 26.4 30.6
29 28.1 30.5
38 34.2 40.7
26 24.4 29.1
29 27.8 32.2
30 30.0 30.0
32 30.1 33.0
23 22.5 24.4
28 24.9 31.1
19 17.3 19.8
24 20.6 24.5
31 28.5 31.9
27 23.0 30.0
37 32.2 42.2
43 42.1 46.9
30 25.8 30.9
24 22.3 25.2
25 23.0 26.8
31 27.3 33.5
30 30.0 32.1
30 27.3 34.5
33 32.3 37.0
37 34.4 38.5
35 30.1 38.5
34 29.2 37.7
34 31.6 37.4
19 16.9 19.6
22 21.8 24.2
29 27.0 32.2
35 33.3 39.6
26 24.2 26.3
35 31.2 38.2
28 24.1 30.8
20 18.4 20.0
34 31.3 38.1
29 24.9 29.3
25 24.0 25.5
31 30.1 34.7
28 27.4 29.1
24 23.5 24.0
36 34.6 37.8
35 35.0 39.6
30 25.8 31.8
27 23.8 27.8
27 24.3 28.4
31 29.5 32.6
36 34.6 40.3
31 27.6 33.2
25 23.3 25.8
37 36.3 37.7
36 31.3 38.9
28 26.9 32.2
36 31.7 40.7
30 28.8 33.0
25 23.8 26.8
30 29.7 32.1
26 22.1 29.6
35 32.9 39.6
26 22.4 27.8
27 24.3 27.0
38 33.1 38.0
33 33.0 37.6
24 20.6 25.9
38 33.4 41.0
28 24.4 31.4
28 24.1 28.3
32 29.4 32.3
33 31.7 35.0
27 23.8 27.5
27 24.8 27.3
30 29.4 34.2
27 23.2 27.8
32 27.2 33.0
34 30.9 34.3
37 32.6 42.6
43 36.6 44.7
28 25.8 30.0
26 26.0 29.4
26 22.4 29.6
37 31.5 39.2
34 32.3 37.7
24 22.6 24.5
27 26.5 27.5
30 26.7 31.2
26 25.0 26.3
37 35.9 37.7
34 30.9 35.0
25 21.5 25.0
21 17.9 23.9
25 22.5 28.3
31 27.9 31.6
30 27.9 31.5
19 17.3 21.7
33 30.0 36.6
30 25.5 30.3
31 26.7 33.8
30 28.2 33.0
27 24.0 30.2
25 22.5 25.0
37 32.6 40.3
32 29.8 35.8
32 31.0 36.2
32 32.0 33.6
24 22.3 24.0
34 32.3 35.4
39 36.3 43.3
42 38.2 43.3
26 25.5 28.6
27 26.7 31.1
26 24.7 26.0
30 27.9 31.2
31 30.7 31.9
34 32.0 36.4
34 29.2 38.4
35 31.5 36.1
23 19.6 25.8
32 30.7 34.9
31 30.4 33.8
30 26.7 33.3
31 27.6 33.8
30 29.4 34.2
35 34.0 35.4
18 15.5 20.5
31 28.8 32.6
34 32.6 37.7
26 24.4 26.3
36 31.3 41.4
19 17.9 19.6
20 18.0 22.0
25 22.3 27.8
41 41.0 45.1
40 35.2 43.2
34 33.3 35.0
26 24.2 29.1
31 27.3 34.1
30 27.9 33.0
30 25.8 32.7
31 27.0 34.1
27 23.5 27.8
31 27.3 35.3
21 19.7 23.5
28 26.3 32.2
25 23.5 25.0
32 27.8 35.5
28 23.8 31.1
27 25.9 28.1
33 30.0 36.0
28 25.5 28.3
39 36.3 40.6
29 27.3 31.3
25 21.8 27.8
36 33.1 38.2
31 27.6 35.3
33 31.4 34.3
20 17.8 22.4
39 37.8 44.1
25 22.5 26.3
29 28.4 29.9
22 22.0 23.5
28 26.3 30.0
28 24.4 31.6
34 28.9 35.7
25 24.8 25.5
28 23.8 31.4
28 27.7 28.0
29 27.3 31.3
33 29.4 37.6
38 38.0 39.9
29 29.0 31.0
33 28.1 35.0
29 28.7 31.0
25 23.0 28.5
35 32.2 38.5
37 33.7 38.9
24 22.8 25.2
31 27.6 33.8
36 30.6 36.0
24 21.6 27.1
27 26.5 27.8
30 27.9 33.6
36 32.8 37.4
26 25.7 28.3
27 25.1 30.8
33 32.3 37.6
21 20.6 22.3
27 27.0 27.0
22 19.4 24.2
37 32.9 37.4
39 33.5 44.1
26 24.2 27.8
30 29.7 32.7
23 20.5 23.9
30 27.9 30.6
22 20.0 24.0
31 28.5 33.2
36 33.8 36.4
37 34.4 40.3
44 42.7 47.5
33 33.0 33.7
30 29.7 33.9
31 26.4 35.0
27 25.1 30.0
24 23.8 27.1
27 23.0 27.5
34 32.0 34.0
32 30.7 32.3
25 21.3 28.8
24 21.6 24.0
26 24.2 27.8
32 31.0 33.9
19 16.5 19.2
27 23.8 29.7
28 26.6 28.8
28 27.7 29.7
30 29.7 34.5
30 30.0 31.2
41 39.8 42.2
29 28.1 32.2
37 34.4 39.2
30 28.8 30.9
38 36.9 38.4
35 33.6 36.8
20 17.0 20.2
27 23.5 31.1
32 32.0 35.2
25 24.0 27.3
30 28.2 31.2
30 28.2 30.3
23 20.7 23.9