3250
1 0.9 1.1
3 2.7 3.3
2 1.8 2.3
4 3.8 4.0
5 5.0 5.2
3 2.9 3.2
5 4.3 5.1
5 4.4 5.7
3 2.9 3.2
1 1.0 1.1
5 4.9 5.2
5 4.8 5.3
5 4.5 5.7
4 3.5 4.2
5 4.7 5.6
4 3.5 4.3
1 0.9 1.2
4 3.6 4.3
5 4.8 5.0
5 4.9 5.2
2 1.8 2.1
3 2.7 3.2
5 4.3 5.4
5 4.7 5.5
3 2.6 3.4
4 3.5 4.2
3 2.8 3.4
1 0.9 1.0
2 1.9 2.1
4 3.6 4.2
5 4.9 5.3
5 4.5 5.5
2 1.8 2.3
1 1.0 1.0
1 0.9 1.1
4 3.5 4.6
5 5.0 5.3
3 2.6 3.4
4 4.0 4.0
2 1.8 2.2
2 1.9 2.2
1 0.9 1.1
5 5.0 5.4
1 0.9 1.1
3 2.9 3.4
3 2.7 3.4
3 2.7 3.3
1 0.9 1.1
1 1.0 1.0
1 1.0 1.1
1 1.0 1.1
1 1.0 1.1
5 5.0 5.4
3 2.8 3.3
5 4.7 5.7
2 1.9 2.2
4 3.4 4.3
4 3.7 4.0
3 2.7 3.4
4 3.7 4.4
1 1.0 1.1
3 2.7 3.2
3 2.9 3.3
2 1.7 2.1
5 4.7 5.7
1 1.0 1.0
3 2.8 3.3
5 4.8 5.4
1 0.9 1.1
4 3.8 4.4
5 4.5 5.5
2 2.0 2.1
4 3.6 4.6
1 0.9 1.0
1 0.9 1.1
4 3.8 4.3
4 3.8 4.1
4 3.6 4.5
4 3.5 4.5
3 3.0 3.2
1 0.9 1.1
5 4.3 5.7
2 1.7 2.2
3 2.7 3.4
1 0.9 1.1
5 4.9 5.3
3 2.7 3.5
3 2.9 3.1
1 0.9 1.1
4 3.7 4.5
4 3.4 4.2
3 2.8 3.0
2 1.8 2.2
2 1.9 2.1
5 4.8 5.3
3 2.8 3.3
1 1.0 1.0
3 2.6 3.3
5 4.3 5.0
1 1.0 1.2
5 4.9 5.2
3 2.6 3.3
1 0.9 1.0
5 5.0 5.1
4 3.6 4.0
3 2.6 3.0
3 2.6 3.4
3 2.9 3.0
4 3.8 4.3
2 1.8 2.1
1 0.9 1.1
2 1.9 2.2
2 1.9 2.3
2 1.9 2.1
1 1.0 1.2
4 3.8 4.1
3 2.9 3.1
2 1.9 2.1
3 2.9 3.1
1 1.0 1.1
4 3.5 4.3
4 4.0 4.1
2 1.7 2.0
2 2.0 2.2
3 2.7 3.1
2 2.0 2.2
3 2.6 3.3
1 0.9 1.1
4 3.4 4.6
5 4.7 5.1
3 2.9 3.0
1 0.9 1.1
3 2.9 3.3
4 3.6 4.5
2 1.8 2.2
1 0.9 1.1
3 2.8 3.1
2 1.9 2.1
5 4.4 5.6
4 3.7 4.5
4 3.5 4.0
2 1.8 2.1
3 2.7 3.3
4 3.8 4.4
2 2.0 2.0
3 2.6 3.2
3 2.6 3.1
1 0.9 1.1
2 1.9 2.0
4 3.9 4.2
4 3.4 4.0
2 1.8 2.3
4 3.8 4.0
5 5.0 5.3
3 2.7 3.3
2 1.7 2.2
3 2.9 3.0
1 1.0 1.1
5 4.7 5.4
2 2.0 2.2
4 3.5 4.3
1 1.0 1.1
2 1.7 2.1
1 0.9 1.0
4 3.8 4.2
5 4.3 5.3
4 3.8 4.4
2 1.7 2.2
5 4.4 5.6
4 3.8 4.5
1 0.9 1.0
5 5.0 5.5
3 2.8 3.4
2 1.9 2.3
2 1.7 2.2
4 3.6 4.1
4 3.6 4.6
5 4.7 5.5
5 4.6 5.5
2 1.8 2.1
2 1.9 2.0
5 4.7 5.3
5 4.7 5.8
5 4.8 5.2
3 2.7 3.1
4 3.8 4.2
1 1.0 1.2
4 3.6 4.3
5 4.4 5.6
3 2.9 3.3
4 3.9 4.2
5 4.3 5.3
4 3.9 4.2
4 3.5 4.4
5 4.6 5.7
2 1.9 2.1
1 0.9 1.1
5 4.8 5.7
5 4.4 5.4
1 1.0 1.1
1 0.9 1.1
3 3.0 3.4
1 0.9 1.1
1 1.0 1.1
4 3.8 4.4
4 4.0 4.1
1 1.0 1.0
3 2.8 3.2
4 3.8 4.0
4 3.7 4.5
5 4.6 5.5
2 2.0 2.1
1 1.0 1.0
3 2.7 3.4
2 2.0 2.2
2 1.9 2.2
2 2.0 2.3
5 4.3 5.1
2 1.8 2.2
4 3.9 4.2
3 2.8 3.0
4 4.0 4.0
2 1.8 2.3
4 3.7 4.2
4 3.5 4.2
3 2.9 3.5
2 1.8 2.1
2 2.0 2.2
4 3.4 4.5
2 1.7 2.1
3 2.6 3.3
1 1.0 1.1
2 1.8 2.2
3 2.9 3.1
2 1.8 2.1
4 3.8 4.5
5 4.3 5.3
3 2.7 3.0
3 2.7 3.2
3 2.9 3.2
4 4.0 4.5
1 0.9 1.1
2 2.0 2.0
1 1.0 1.0
3 2.9 3.1
3 2.6 3.1
5 4.9 5.6
3 2.6 3.2
2 1.8 2.2
1 0.9 1.1
6 5.5 6.5
4 3.8 4.2
3 2.8 3.5
4 3.6 4.3
3 3.0 3.4
2 1.8 2.3
4 3.9 4.4
6 6.0 6.5
3 2.9 3.3
4 3.7 4.5
7 6.2 7.0
3 2.9 3.4
7 7.0 7.8
5 4.5 5.2
7 6.2 7.7
7 6.0 7.8
5 4.6 5.6
4 3.7 4.4
4 3.5 4.4
5 4.4 5.3
7 6.4 7.8
4 3.4 4.4
3 2.7 3.3
2 1.9 2.2
5 4.3 5.4
7 6.3 8.1
6 5.6 6.1
2 2.0 2.1
3 2.9 3.2
3 2.6 3.1
4 3.9 4.2
7 6.5 7.5
7 6.4 7.8
6 6.0 6.4
5 4.7 5.4
5 4.7 5.7
3 2.9 3.0
4 3.6 4.6
6 5.3 6.5
5 4.3 5.1
4 3.9 4.2
2 1.9 2.3
4 3.8 4.1
3 2.7 3.1
7 6.0 7.4
2 1.7 2.2
3 2.9 3.4
7 6.2 7.6
3 2.6 3.1
2 1.8 2.1
2 1.8 2.1
2 1.8 2.3
7 6.0 7.1
5 4.4 5.2
4 3.8 4.6
3 2.6 3.0
5 4.9 5.2
5 4.3 5.6
7 6.9 7.7
4 3.8 4.2
6 5.8 6.6
3 2.8 3.2
6 5.1 6.5
3 2.6 3.2
5 4.3 5.2
7 6.5 7.9
7 6.6 8.0
4 3.5 4.3
6 5.8 6.4
7 6.5 7.6
6 5.6 6.0
4 3.6 4.1
6 5.3 6.8
2 2.0 2.3
4 3.8 4.2
6 5.4 6.5
7 6.2 7.5
3 2.9 3.3
5 4.9 5.0
2 1.7 2.2
3 2.9 3.2
4 4.0 4.6
2 1.8 2.1
6 5.8 6.7
7 6.6 7.1
7 6.1 7.1
7 6.6 7.3
2 1.9 2.2
6 5.3 6.0
3 2.8 3.0
4 3.5 4.4
2 1.9 2.2
3 2.6 3.1
7 6.1 7.2
2 1.7 2.0
3 2.6 3.4
4 3.6 4.0
3 2.6 3.3
3 2.9 3.0
7 6.9 7.4
6 5.5 6.6
2 2.0 2.2
3 2.9 3.2
7 6.8 8.0
5 4.4 5.5
7 6.2 8.0
6 5.3 6.7
2 1.9 2.0
7 6.8 7.1
5 4.9 5.2
4 4.0 4.3
3 2.9 3.3
3 2.6 3.3
3 2.9 3.4
5 5.0 5.7
5 4.6 5.8
4 4.0 4.4
6 5.6 6.3
7 6.9 7.9
7 6.3 7.4
3 2.8 3.3
2 1.7 2.2
7 6.3 8.1
5 4.4 5.6
6 5.3 6.5
4 3.8 4.2
6 5.3 6.7
3 3.0 3.3
2 1.9 2.2
5 4.3 5.1
6 5.6 6.5
6 5.5 6.1
4 3.7 4.0
6 5.1 6.6
4 3.9 4.5
2 2.0 2.0
4 3.8 4.0
6 5.9 6.1
4 3.8 4.4
7 6.2 7.8
7 6.0 7.1
7 6.2 7.7
5 4.8 5.7
6 5.3 6.8
3 2.7 3.5
2 1.8 2.0
3 2.6 3.0
5 4.4 5.3
5 4.6 5.1
5 4.6 5.7
2 1.7 2.2
2 1.9 2.2
2 1.7 2.2
4 3.4 4.1
7 6.5 7.2
6 5.1 6.1
7 6.5 7.5
3 2.6 3.4
3 2.9 3.2
5 4.7 5.1
3 2.8 3.2
3 2.9 3.4
3 2.6 3.2
6 5.5 6.8
3 2.6 3.2
3 2.8 3.1
2 1.8 2.1
5 4.5 5.3
5 4.5 5.6
2 1.8 2.1
3 2.9 3.1
7 7.0 7.9
3 2.7 3.2
5 4.4 5.4
3 2.6 3.2
5 4.9 5.3
4 3.6 4.4
2 1.8 2.2
6 5.9 6.1
7 6.0 7.9
2 1.7 2.2
2 1.9 2.2
6 6.0 6.6
2 1.9 2.1
7 6.8 7.6
2 1.8 2.1
7 6.0 7.5
3 2.7 3.2
3 2.7 3.4
5 4.6 5.0
6 5.5 6.6
7 6.7 7.5
4 3.6 4.2
6 5.6 6.4
4 3.7 4.4
7 6.0 7.9
3 2.7 3.2
7 6.2 7.4
3 2.9 3.2
4 3.8 4.4
5 4.9 5.3
7 7.0 7.6
2 1.9 2.0
3 3.0 3.1
2 1.8 2.1
4 3.8 4.4
2 2.0 2.3
2 2.0 2.0
6 5.5 6.6
6 5.9 6.7
6 5.6 6.7
7 6.0 7.1
5 4.9 5.1
2 1.9 2.1
6 5.2 6.3
7 6.9 7.4
4 3.6 4.5
7 6.9 7.4
3 2.6 3.2
5 4.6 5.1
4 4.0 4.0
7 6.9 7.8
7 6.3 7.1
5 4.8 5.3
4 3.4 4.4
6 6.0 6.2
7 6.2 7.2
4 3.4 4.5
4 3.7 4.1
3 3.0 3.4
7 6.9 8.0
2 1.9 2.1
4 3.9 4.0
2 2.0 2.1
6 5.3 6.7
3 2.7 3.1
5 4.8 5.6
3 2.7 3.3
4 3.5 4.4
7 6.9 7.1
5 5.0 5.8
7 6.2 7.1
2 1.9 2.1
2 1.9 2.0
2 1.8 2.0
6 5.2 6.1
3 2.6 3.3
6 5.9 6.0
4 3.9 4.0
4 3.6 4.5
7 6.0 7.6
6 6.0 6.1
4 3.4 4.1
7 6.0 7.5
7 6.0 7.3
5 4.5 5.6
2 1.8 2.1
4 3.5 4.2
5 4.6 5.1
5 4.8 5.2
4 4.0 4.1
7 6.5 7.6
3 2.9 3.0
3 2.6 3.1
6 5.8 6.1
5 4.7 5.7
7 6.9 7.6
7 6.8 7.0
7 6.4 7.4
7 7.0 7.5
4 3.8 4.4
2 1.8 2.3
2 1.8 2.1
6 5.1 6.7
4 3.8 4.3
3 2.8 3.2
7 6.7 7.2
2 1.7 2.0
3 2.6 3.4
4 3.6 4.5
4 4.0 4.5
4 3.4 4.0
2 1.9 2.2
2 2.0 2.2
2 1.9 2.0
6 5.5 6.7
4 3.6 4.1
3 2.6 3.4
6 5.1 6.8
3 2.9 3.4
7 6.3 8.1
7 6.2 7.6
2 1.7 2.0
2 1.9 2.0
4 3.5 4.4
7 6.0 7.2
6 5.8 6.6
3 2.6 3.3
5 4.5 5.3
3 2.8 3.2
6 5.2 6.5
5 4.8 5.8
3 2.8 3.1
5 4.3 5.4
7 6.4 8.0
2 1.9 2.1
4 3.9 4.1
6 5.2 6.3
5 4.7 5.8
3 2.9 3.2
3 2.6 3.4
7 6.6 7.4
6 5.1 6.2
6 5.1 6.8
7 7.0 8.0
7 6.8 7.1
7 7.0 7.4
2 1.8 2.2
7 6.9 7.2
2 1.8 2.2
2 1.9 2.2
4 3.6 4.2
4 3.6 4.1
5 4.9 5.2
5 4.6 5.4
7 6.4 7.4
2 1.9 2.0
6 5.5 6.8
2 1.9 2.2
4 3.6 4.0
6 5.7 6.8
7 6.1 7.4
4 3.5 4.0
2 1.8 2.3
6 5.3 6.2
7 6.2 7.6
5 4.4 5.4
7 6.8 7.4
4 3.5 4.6
3 2.6 3.4
3 2.6 3.4
5 4.3 5.0
4 4.0 4.3
3 2.8 3.3
2 1.7 2.0
7 6.6 7.4
5 4.5 5.4
7 6.6 7.2
5 4.8 5.3
2 1.9 2.1
7 6.4 7.8
2 1.7 2.1
3 2.6 3.3
2 2.0 2.1
7 6.1 7.1
5 4.8 5.2
3 2.8 3.2
7 6.9 7.7
2 1.9 2.1
6 5.2 6.0
4 3.6 4.2
5 4.3 5.5
2 1.9 2.2
7 6.3 7.1
6 5.5 6.8
3 2.6 3.3
3 2.8 3.1
4 3.8 4.6
4 3.8 4.1
6 5.3 6.3
5 4.3 5.3
7 6.8 7.7
5 4.8 5.5
7 6.0 7.7
4 3.5 4.4
4 3.9 4.5
6 5.6 6.1
5 4.3 5.3
3 2.7 3.2
2 1.9 2.2
2 1.9 2.3
2 1.8 2.1
3 2.7 3.5
2 1.7 2.1
4 3.4 4.3
3 2.7 3.2
2 1.7 2.1
4 3.7 4.0
2 1.9 2.1
5 4.9 5.3
3 3.0 3.4
3 3.0 3.1
2 1.7 2.3
5 4.9 5.1
3 2.6 3.0
3 2.7 3.1
3 2.8 3.3
3 2.9 3.2
4 4.0 4.4
3 2.7 3.5
4 3.4 4.0
4 3.6 4.0
5 4.6 5.4
7 6.9 7.4
7 6.5 7.8
3 2.8 3.1
6 5.9 6.1
6 5.4 6.4
5 4.5 5.2
5 4.7 5.7
3 2.6 3.1
5 5.0 5.0
6 5.7 6.6
5 4.9 5.7
7 6.9 7.8
5 5.0 5.8
4 3.6 4.2
2 1.9 2.2
5 5.0 5.1
4 3.5 4.0
6 5.6 6.1
6 5.5 6.9
7 6.6 7.4
3 2.6 3.1
7 6.9 7.0
2 1.9 2.2
4 3.4 4.2
2 1.7 2.3
4 3.6 4.5
3 2.7 3.2
5 4.7 5.6
3 2.7 3.2
6 5.4 6.4
6 6.0 6.1
4 3.4 4.3
7 6.7 7.7
6 5.3 6.4
2 1.9 2.2
5 4.8 5.7
4 3.5 4.3
2 1.8 2.1
4 3.5 4.4
7 6.0 7.9
4 3.8 4.2
3 2.6 3.2
6 5.1 6.5
7 6.4 7.4
7 6.9 7.1
7 6.1 7.3
7 6.2 7.9
5 4.9 5.1
3 2.6 3.2
6 5.2 6.5
3 2.9 3.4
4 4.0 4.3
7 6.9 7.0
6 5.7 6.2
5 4.8 5.5
2 1.7 2.2
6 6.0 6.1
5 4.6 5.7
7 7.0 7.6
6 6.0 6.0
6 5.8 6.2
6 5.9 6.1
3 2.7 3.2
4 3.6 4.3
6 6.0 6.9
2 2.0 2.1
5 4.6 5.5
3 2.9 3.2
2 1.9 2.1
5 4.6 5.2
5 4.6 5.2
4 3.5 4.3
2 2.0 2.1
6 5.3 6.6
3 3.0 3.2
7 6.5 7.4
2 2.0 2.3
5 4.3 5.8
3 2.6 3.4
5 4.4 5.3
6 5.2 6.0
4 4.0 4.1
6 5.4 6.6
7 6.5 7.3
7 6.7 8.0
3 2.9 3.2
4 3.4 4.3
2 1.7 2.0
7 6.7 7.4
4 3.5 4.5
6 5.3 6.9
3 2.6 3.2
4 3.9 4.1
4 3.5 4.2
7 6.2 7.1
4 3.7 4.1
6 5.2 6.8
8 7.4 8.3
4 3.5 4.5
3 2.7 3.5
4 3.5 4.3
9 8.1 9.7
9 8.3 10.1
7 6.9 8.0
3 2.9 3.0
6 5.4 6.7
6 5.1 6.4
5 4.7 5.4
4 4.0 4.2
7 6.5 7.1
5 5.0 5.5
6 5.1 6.6
9 7.9 10.2
5 4.7 5.5
9 7.8 10.3
3 2.9 3.1
3 2.9 3.3
4 3.5 4.3
9 8.0 9.3
4 3.9 4.6
7 6.2 7.1
8 7.7 9.2
6 5.9 6.2
8 7.1 9.1
7 6.7 7.3
5 4.7 5.2
5 4.5 5.6
6 5.2 6.3
6 6.0 6.1
8 7.8 8.7
5 4.3 5.7
6 5.2 6.1
7 6.4 7.3
3 2.8 3.3
9 8.7 10.1
6 5.3 6.7
6 5.5 6.7
8 7.3 8.6
9 7.8 10.1
4 3.8 4.2
8 7.0 8.2
5 4.5 5.3
7 6.0 7.8
7 6.4 8.0
7 6.2 7.1
8 7.3 8.4
6 5.8 6.2
9 8.8 9.3
7 6.8 8.1
6 6.0 6.0
3 2.7 3.2
9 8.8 10.2
7 6.2 7.7
8 7.5 8.7
3 3.0 3.2
5 5.0 5.1
3 2.6 3.1
9 7.9 9.9
9 7.8 10.1
9 7.9 9.5
9 7.8 10.1
6 5.6 6.4
6 5.5 6.8
5 4.7 5.3
7 6.0 7.4
6 5.1 6.5
4 4.0 4.6
5 4.9 5.7
8 7.1 8.8
8 7.6 8.2
7 6.7 8.1
4 3.8 4.2
3 2.9 3.2
9 8.5 9.6
5 4.6 5.7
9 8.8 9.5
9 8.6 10.3
7 7.0 7.1
9 7.8 9.0
4 3.6 4.6
8 7.8 9.1
5 4.4 5.6
4 3.6 4.3
7 6.2 8.1
5 5.0 5.7
7 6.2 7.9
8 7.3 9.2
9 8.1 9.3
5 4.4 5.1
6 5.5 6.1
5 4.9 5.7
7 6.2 7.8
8 7.3 8.7
5 4.4 5.2
6 5.5 6.4
8 7.0 9.0
3 2.7 3.2
5 4.3 5.4
7 6.4 7.5
3 3.0 3.3
9 8.1 9.9
8 6.8 8.7
6 5.4 6.2
5 4.6 5.6
8 7.1 9.1
7 6.5 7.2
8 6.9 8.0
9 7.7 9.5
4 3.7 4.1
6 5.3 6.6
9 8.4 9.2
4 3.4 4.3
8 7.9 8.4
6 5.2 6.4
8 7.6 9.1
3 2.7 3.0
6 5.8 6.4
6 5.5 6.4
7 6.5 7.6
5 4.4 5.7
4 3.8 4.5
8 7.0 9.1
3 2.7 3.1
6 5.5 6.7
7 6.0 7.1
5 4.5 5.5
6 5.7 6.4
3 2.7 3.4
7 6.4 7.8
5 5.0 5.0
6 5.6 6.7
7 6.5 8.0
6 5.7 6.8
8 7.1 8.6
4 3.6 4.6
6 5.9 6.2
9 9.0 9.5
8 8.0 9.2
8 7.4 8.6
3 2.7 3.4
4 3.9 4.1
4 3.8 4.5
3 2.7 3.1
6 5.6 6.8
6 5.9 6.2
7 6.2 7.0
5 4.3 5.1
4 4.0 4.0
3 2.8 3.1
4 3.5 4.5
6 5.9 6.3
3 2.7 3.3
8 7.1 8.8
4 3.6 4.4
7 6.2 7.1
5 4.8 5.3
3 2.6 3.0
3 2.8 3.2
8 7.4 8.5
9 8.5 9.7
5 4.5 5.4
7 6.7 7.1
9 8.6 9.1
8 7.4 8.2
9 7.7 10.0
8 7.0 9.2
7 6.5 7.6
3 2.8 3.5
9 7.9 9.2
3 2.6 3.5
4 4.0 4.6
4 3.8 4.0
6 5.2 6.8
4 3.4 4.3
8 7.4 8.0
7 6.8 7.7
4 3.8 4.0
3 2.7 3.3
7 6.5 7.6
5 4.6 5.7
9 8.6 10.0
4 3.5 4.1
4 3.9 4.3
3 2.8 3.3
6 5.4 6.5
6 5.8 6.5
8 8.0 8.9
3 2.8 3.1
6 5.6 6.4
9 8.4 10.3
4 3.6 4.3
9 8.0 9.0
7 6.7 7.3
6 5.7 6.2
3 2.8 3.2
8 7.5 9.0
7 6.4 8.0
7 6.3 7.6
9 8.8 9.8
5 4.7 5.4
4 3.6 4.4
4 3.6 4.0
7 6.2 8.1
9 9.0 10.3
4 4.0 4.2
3 2.8 3.1
7 6.5 7.9
6 5.7 6.9
8 7.3 8.1
5 4.3 5.1
9 8.7 9.0
9 8.7 10.3
3 2.7 3.3
6 5.7 6.1
4 4.0 4.5
9 7.7 10.1
9 8.1 9.1
8 7.8 9.1
3 2.7 3.1
8 7.7 8.2
7 6.2 7.0
6 5.6 6.1
6 5.8 6.4
4 4.0 4.4
9 8.6 9.6
8 7.8 8.6
7 6.4 7.2
7 6.2 7.4
4 4.0 4.0
4 4.0 4.3
4 3.6 4.5
8 7.9 8.4
4 3.8 4.1
4 3.6 4.1
7 6.3 7.1
4 3.8 4.1
6 5.8 6.2
3 2.6 3.3
3 2.9 3.1
9 8.0 9.7
8 8.0 9.2
5 4.3 5.6
6 5.5 6.5
5 5.0 5.2
6 5.4 6.5
9 8.5 10.2
4 3.6 4.2
3 3.0 3.1
7 6.7 7.0
5 4.7 5.0
7 6.6 7.4
9 8.5 9.1
4 3.8 4.2
9 8.4 9.5
3 2.9 3.5
5 4.5 5.6
9 8.6 9.5
8 7.8 8.9
3 2.9 3.2
6 5.8 6.5
9 8.0 9.6
4 3.8 4.1
8 7.6 8.0
4 4.0 4.6
4 3.7 4.2
4 3.8 4.2
9 8.0 10.1
3 2.8 3.3
8 7.4 8.6
5 5.0 5.2
6 6.0 6.1
9 8.4 9.6
8 7.0 8.9
8 6.8 8.0
4 3.9 4.6
3 2.9 3.4
5 4.7 5.0
3 2.9 3.2
6 5.2 6.8
7 6.6 7.8
6 5.8 6.4
5 4.8 5.4
8 7.5 8.4
8 7.0 9.0
7 6.7 7.0
7 6.1 7.6
5 4.3 5.6
3 2.8 3.0
7 6.9 7.2
9 8.3 10.1
9 8.4 10.0
4 3.8 4.2
7 6.9 7.4
9 8.4 9.3
9 8.7 9.0
6 5.8 6.0
8 7.3 8.6
3 2.6 3.1
7 6.4 7.4
4 3.5 4.4
8 6.8 8.2
6 5.2 6.6
4 3.8 4.6
3 2.7 3.4
8 7.4 8.8
4 3.7 4.4
9 8.2 9.3
4 3.6 4.4
5 4.5 5.7
4 3.6 4.1
7 6.7 7.7
5 5.0 5.0
5 4.6 5.7
9 8.1 9.8
8 7.8 8.9
3 2.6 3.0
8 7.3 8.0
7 6.5 7.6
5 5.0 5.0
5 4.9 5.2
8 7.4 8.6
5 4.7 5.0
3 2.7 3.2
4 3.6 4.2
8 7.6 9.0
5 4.6 5.5
4 4.0 4.0
6 5.3 6.5
4 3.9 4.4
6 5.9 6.2
6 5.9 6.8
6 5.3 6.2
4 3.9 4.2
5 4.5 5.1
6 5.8 6.1
6 5.2 6.3
4 3.8 4.3
3 2.8 3.1
8 7.2 8.1
5 4.4 5.8
3 2.8 3.5
3 2.7 3.1
9 8.7 9.5
3 2.9 3.1
8 7.7 9.0
4 3.6 4.4
8 7.3 8.2
5 4.9 5.5
5 4.4 5.4
9 8.3 9.9
9 8.9 9.8
9 7.9 9.9
8 7.7 8.2
7 6.0 7.1
7 6.1 7.4
5 4.9 5.6
9 7.9 9.5
5 4.5 5.2
3 3.0 3.3
6 5.3 6.8
5 4.9 5.7
4 3.5 4.6
9 9.0 9.5
3 2.7 3.0
9 7.7 9.5
3 2.7 3.2
5 4.5 5.4
8 6.9 8.2
3 2.7 3.0
8 7.8 8.8
7 6.2 7.8
3 2.6 3.4
5 4.7 5.3
9 8.9 9.5
9 9.0 9.2
6 5.8 6.1
5 4.6 5.5
6 5.3 6.2
7 6.9 7.5
8 7.8 9.0
4 3.5 4.3
9 8.4 9.3
6 5.2 6.1
9 8.1 9.5
5 4.9 5.4
6 5.3 6.5
5 4.4 5.0
5 4.3 5.7
8 6.8 8.1
8 6.8 8.4
8 6.8 8.6
7 6.4 7.7
6 5.6 6.7
7 7.0 7.9
4 3.8 4.3
4 3.9 4.4
7 6.4 7.3
6 5.4 6.4
6 5.4 6.3
9 8.8 10.4
3 2.6 3.5
9 8.9 9.7
4 3.5 4.1
5 4.4 5.1
6 5.2 6.1
4 3.8 4.3
8 7.4 8.0
7 6.0 7.6
6 5.6 6.5
4 3.8 4.4
8 7.4 9.1
4 3.6 4.3
3 2.6 3.0
9 8.1 9.4
7 6.1 7.8
9 8.5 9.1
7 6.4 7.3
5 4.4 5.3
5 5.0 5.7
7 6.4 7.0
3 2.8 3.5
6 5.9 6.7
7 6.4 8.0
7 6.1 7.9
6 5.1 6.5
7 6.2 7.4
4 3.6 4.6
9 7.9 9.6
9 8.6 9.3
5 4.8 5.7
6 5.3 6.1
7 6.0 7.3
3 2.6 3.2
5 4.3 5.2
5 4.5 5.4
9 8.2 10.0
6 5.7 6.0
7 6.0 7.8
6 5.2 6.0
5 4.3 5.5
5 4.7 5.8
7 6.4 7.4
4 3.4 4.1
4 3.4 4.1
6 5.2 6.7
9 8.4 10.1
7 6.4 7.9
4 3.5 4.2
9 8.8 10.3
8 7.3 8.8
5 4.8 5.1
6 5.4 6.1
5 4.6 5.4
6 5.6 6.8
7 7.0 8.0
3 2.9 3.1
7 6.1 7.8
4 4.0 4.3
9 8.7 10.0
5 4.3 5.3
9 8.6 10.4
5 4.3 5.0
7 6.7 7.6
8 7.4 8.1
3 2.7 3.2
4 3.7 4.2
8 7.8 8.5
9 8.4 9.3
8 7.1 8.8
9 8.8 10.0
6 5.6 6.7
9 8.1 9.5
6 5.4 6.1
7 6.0 8.0
6 5.5 6.6
7 6.9 7.9
8 7.5 8.5
7 6.2 7.6
4 3.4 4.1
5 4.3 5.5
5 4.5 5.1
8 7.8 8.8
9 8.4 10.0
3 2.9 3.3
7 6.6 7.4
4 3.4 4.0
4 3.5 4.0
6 5.9 6.2
9 8.6 9.3
8 8.0 8.9
9 8.3 9.5
8 7.4 8.6
6 5.9 6.7
5 4.3 5.0
4 4.0 4.4
9 8.8 9.8
8 7.8 8.1
9 8.3 9.8
9 8.8 9.7
7 6.4 7.6
6 5.6 6.2
6 5.6 6.2
3 2.8 3.3
7 6.7 7.1
4 3.8 4.5
5 4.5 5.0
9 7.9 9.4
6 5.6 6.7
7 6.2 7.0
8 7.3 9.1
4 3.7 4.3
5 4.8 5.5
8 6.8 8.8
9 7.9 9.7
3 2.7 3.4
3 2.9 3.2
5 5.0 5.6
6 5.9 6.1
4 3.8 4.0
3 3.0 3.3
7 6.9 7.4
7 6.4 7.8
6 5.8 6.9
5 5.0 5.3
4 3.6 4.6
9 8.1 10.4
7 6.5 8.0
3 2.7 3.3
5 4.9 5.4
9 8.8 10.0
3 2.7 3.5
5 4.4 5.2
9 8.0 10.1
8 7.8 8.7
8 6.8 8.6
4 3.9 4.5
9 8.1 9.2
8 7.9 9.0
3 2.9 3.4
3 2.9 3.3
9 7.8 9.2
6 6.0 6.2
3 3.0 3.4
9 7.7 9.0
8 7.0 9.0
3 2.6 3.3
5 4.6 5.3
3 2.9 3.2
6 5.9 6.9
3 3.0 3.5
9 8.0 10.1
8 7.7 8.3
3 2.9 3.5
9 8.6 9.1
9 8.6 9.5
9 7.7 10.2
6 5.7 6.4
4 3.8 4.5
3 3.0 3.3
9 7.9 9.3
4 3.6 4.2
6 5.6 6.3
8 7.6 8.6
8 7.3 9.1
6 6.0 6.8
9 7.7 9.9
5 4.7 5.2
4 3.6 4.6
5 4.8 5.5
7 6.4 7.1
3 2.7 3.4
8 7.6 8.6
8 7.5 9.0
7 6.6 8.0
5 4.9 5.2
4 3.8 4.4
4 3.7 4.3
5 4.8 5.0
4 3.5 4.3
5 5.0 5.3
8 7.2 9.1
6 5.5 6.8
3 3.0 3.2
9 7.9 10.4
3 2.6 3.0
6 5.1 6.0
4 3.7 4.0
7 6.9 7.6
9 8.8 10.3
6 5.3 6.8
7 6.5 7.7
4 3.5 4.3
5 4.3 5.8
9 8.1 9.1
6 5.9 6.8
7 6.4 7.0
5 4.7 5.7
4 3.8 4.2
3 2.8 3.2
6 5.9 6.3
6 5.5 6.8
6 5.9 6.1
5 5.0 5.6
3 2.7 3.1
9 8.4 10.0
3 2.9 3.4
9 7.8 9.1
5 5.0 5.5
8 7.1 9.0
9 8.3 10.0
8 7.9 8.6
7 6.0 7.6
5 4.6 5.4
8 7.6 8.1
3 2.6 3.3
9 8.4 9.5
5 4.6 5.1
6 5.6 6.8
9 8.6 10.1
9 7.7 10.3
7 6.7 7.7
6 5.3 6.8
9 8.0 9.0
6 5.5 6.0
9 8.4 10.4
4 3.9 4.4
3 2.6 3.5
6 5.3 6.5
3 2.7 3.2
8 7.6 8.4
5 4.5 5.4
8 7.6 9.2
6 5.6 6.8
5 4.8 5.0
8 7.0 8.3
6 5.3 6.4
6 5.2 6.5
4 3.9 4.4
6 5.4 6.5
3 2.9 3.3
6 5.9 6.7
5 4.5 5.6
9 8.2 9.0
4 3.6 4.4
9 8.8 9.9
5 4.8 5.5
5 4.6 5.3
5 5.0 5.5
4 4.0 4.4
4 3.9 4.0
6 5.8 6.3
5 4.9 5.3
8 6.8 8.7
3 2.8 3.2
5 4.3 5.7
9 8.2 9.0
6 5.2 6.6
7 6.1 7.7
5 4.6 5.5
8 7.8 9.1
9 8.2 9.0
8 8.0 8.6
9 8.1 9.7
8 6.9 8.7
7 6.0 7.7
5 4.6 5.4
9 8.6 10.0
9 8.3 9.3
6 5.3 6.5
4 3.6 4.3
4 3.7 4.5
7 6.4 7.8
7 6.3 7.3
6 5.8 6.1
4 3.8 4.1
5 4.8 5.7
4 3.8 4.5
8 7.7 8.0
9 8.4 9.9
9 7.9 9.4
7 6.2 7.8
4 3.5 4.6
5 4.6 5.4
5 4.9 5.2
4 3.6 4.6
5 4.7 5.6
5 4.3 5.0
8 7.0 8.2
7 6.9 7.1
3 2.6 3.2
4 3.7 4.6
6 5.6 6.3
6 5.6 6.8
9 8.0 10.3
5 4.3 5.3
3 2.6 3.3
6 5.3 6.1
4 3.9 4.5
7 6.2 8.0
5 4.9 5.7
3 2.6 3.3
9 8.8 9.3
9 8.6 9.5
9 8.0 10.4
8 7.4 8.7
3 2.7 3.1
6 5.2 6.1
8 7.0 9.2
6 5.3 6.2
5 4.5 5.7
6 5.2 6.2
6 5.3 6.3
5 4.6 5.8
7 6.7 7.9
6 5.1 6.9
9 8.5 9.5
3 2.9 3.3
4 3.6 4.2
9 8.3 9.3
3 2.9 3.1
3 2.6 3.2
7 6.1 7.6
5 4.7 5.7
3 2.6 3.2
5 4.8 5.6
9 7.7 10.2
8 7.9 8.0
8 7.0 9.2
8 7.3 8.5
4 3.7 4.0
9 8.6 9.6
9 8.4 9.8
4 3.8 4.1
6 5.2 6.6
5 4.6 5.4
6 5.2 6.2
5 4.4 5.7
7 6.3 7.4
9 8.3 10.0
9 8.6 9.6
7 6.8 8.1
4 4.0 4.6
3 2.8 3.1
3 2.7 3.2
6 5.3 6.4
4 3.8 4.2
9 8.2 10.0
10 9.7 10.9
8 7.2 8.9
9 8.8 10.4
10 8.7 10.9
6 5.5 6.7
9 7.7 9.2
7 7.0 7.6
9 8.2 9.8
8 7.0 8.6
7 6.7 7.3
10 9.9 10.6
8 7.4 8.3
10 8.8 11.5
4 3.5 4.3
7 6.6 7.4
8 7.0 8.2
10 9.8 10.3
6 5.5 6.7
8 7.9 8.8
10 9.0 10.5
9 8.9 9.5
6 5.8 6.2
9 9.0 9.3
8 7.0 9.2
10 9.3 10.8
9 7.8 10.0
8 7.0 8.3
9 8.6 9.7
10 8.6 11.5
8 7.5 9.1
4 3.7 4.4
10 9.9 11.2
6 5.5 6.1
10 8.5 10.8
8 7.4 8.2
5 4.7 5.5
6 5.3 6.3
8 7.2 9.1
4 3.8 4.3
10 8.6 10.5
7 6.4 7.2
4 3.6 4.5
5 4.9 5.7
9 7.7 9.5
10 9.0 11.0
4 3.8 4.0
6 5.3 6.3
5 4.8 5.2
10 10.0 10.1
6 5.8 6.7
4 3.8 4.6
5 4.5 5.4
9 8.8 9.5
8 7.6 8.2
8 6.8 8.6
10 8.6 10.4
6 5.2 6.5
9 8.3 10.4
9 7.9 9.9
4 3.5 4.1
5 4.8 5.0
5 4.9 5.4
10 9.9 10.5
6 5.3 6.8
9 8.6 9.8
4 3.7 4.3
7 6.7 7.2
8 8.0 9.1
8 7.2 8.2
4 3.8 4.2
6 5.6 6.4
9 7.8 9.4
10 8.5 11.2
5 4.6 5.5
7 6.2 7.7
8 7.1 9.0
4 3.4 4.2
9 8.2 9.3
9 8.5 9.6
10 8.8 11.0
4 3.9 4.3
7 6.2 7.8
7 7.0 7.9
10 8.7 11.5
9 8.6 9.6
8 7.5 8.6
9 8.4 9.1
5 4.8 5.3
9 8.6 9.7
9 8.3 10.1
8 7.5 9.1
10 9.4 11.3
9 8.7 10.0
9 8.8 10.2
10 9.1 10.6
4 3.8 4.2
6 5.3 6.5
6 5.2 6.7
5 4.3 5.5
4 3.7 4.3
5 4.7 5.4
8 7.8 8.3
5 4.7 5.1
7 6.6 7.8
5 4.6 5.5
9 8.1 9.5
4 3.4 4.4
4 3.8 4.3
10 8.9 10.0
7 6.8 7.4
8 7.6 8.2
4 4.0 4.0
9 8.2 9.2
4 3.8 4.2
7 6.3 7.4
10 9.8 10.9
6 5.5 6.7
10 9.0 11.2
10 10.0 10.1
6 6.0 6.0
4 3.4 4.5
10 9.9 10.7
5 4.8 5.7
10 8.8 11.0
10 9.9 10.0
8 7.0 9.0
6 5.9 6.1
5 5.0 5.1
10 9.2 10.9
4 3.9 4.3
10 8.6 10.7
10 9.2 11.1
5 4.9 5.7
5 4.8 5.5
9 7.8 9.5
9 8.3 9.8
5 4.7 5.5
5 4.3 5.7
8 7.0 8.0
5 5.0 5.5
6 5.5 6.0
6 5.5 6.7
6 5.5 6.5
6 6.0 6.3
7 6.4 7.3
4 3.4 4.6
7 6.3 7.2
4 3.7 4.4
6 5.8 6.2
8 7.4 9.0
10 9.7 11.0
9 8.2 10.1
4 3.9 4.2
5 4.7 5.7
4 3.8 4.2
9 7.8 9.6
9 8.4 9.2
8 7.8 9.2
10 9.4 11.1
6 5.8 6.2
10 9.8 10.2
7 6.5 8.0
5 4.5 5.3
6 5.8 6.3
9 7.8 9.7
4 3.8 4.5
7 6.0 7.6
6 5.1 6.2
7 6.0 7.1
6 5.1 6.7
4 3.8 4.0
8 7.6 9.0
4 3.6 4.0
4 3.5 4.0
10 8.6 10.0
6 5.6 6.4
6 5.9 6.9
6 5.5 6.4
9 8.6 9.7
8 7.1 8.4
4 3.8 4.0
10 9.0 11.0
5 4.9 5.6
6 6.0 6.7
4 3.9 4.5
5 4.9 5.4
5 4.3 5.1
9 8.6 9.1
10 9.1 10.5
4 3.6 4.6
5 4.4 5.7
6 5.2 6.4
6 5.3 6.1
10 9.5 10.0
6 5.2 6.1
8 7.7 8.7
5 4.7 5.7
10 8.6 10.8
7 6.6 7.7
7 6.4 7.0
4 3.4 4.2
9 7.9 10.4
8 7.8 9.2
10 8.8 10.2
6 5.3 6.7
7 6.4 7.5
7 6.5 7.1
7 6.6 7.8
7 6.6 7.5
8 7.5 8.7
9 8.5 10.0
9 8.7 10.3
9 7.8 9.1
4 3.9 4.4
10 8.9 10.1
8 7.8 8.6
4 3.8 4.3
9 7.9 10.3
10 9.4 11.2
5 4.9 5.8
10 9.0 11.4
9 7.7 10.3
8 7.1 8.2
4 3.4 4.6
8 7.4 8.7
7 6.0 7.4
9 7.8 9.7
6 5.6 6.2
6 5.1 6.8
10 9.8 10.5
6 5.3 6.5
5 5.0 5.0
4 3.8 4.0
6 5.6 6.9
8 7.4 8.3
5 5.0 5.1
5 4.8 5.7
7 6.6 7.1
8 6.8 9.1
5 5.0 5.6
9 7.8 9.5
9 8.4 9.5
8 7.8 9.2
6 6.0 6.9
8 8.0 8.6
8 7.8 8.1
8 7.5 8.5
8 7.4 8.2
8 8.0 9.2
5 5.0 5.3
4 3.5 4.6
8 7.8 8.3
8 8.0 9.1
7 6.8 7.3
5 4.8 5.1
10 8.7 10.6
6 5.9 6.1
10 9.6 11.4
5 4.6 5.5
6 5.7 6.6
8 8.0 9.1
6 5.9 6.1
7 6.2 8.0
9 8.4 9.1
9 7.7 10.2
7 6.0 7.7
10 9.9 10.8
9 7.8 9.9
4 3.4 4.1
10 9.2 10.9
10 9.8 11.0
6 5.9 6.8
5 4.4 5.6
9 8.8 10.3
7 6.4 8.1
6 5.8 6.8
4 3.6 4.0
6 5.8 6.0
7 6.8 7.1
4 4.0 4.3
7 6.5 7.6
10 10.0 10.0
9 8.4 10.4
4 4.0 4.3
10 9.8 10.7
9 8.6 10.3
7 6.9 7.6
9 8.5 9.9
6 5.3 6.7
7 6.7 7.6
4 3.5 4.4
8 7.0 8.0
10 8.8 10.8
9 8.0 9.8
4 3.6 4.5
7 6.2 8.0
7 6.1 7.2
6 5.4 6.2
6 5.7 6.2
5 4.9 5.6
7 6.9 7.9
10 8.6 10.4
6 5.6 6.5
7 7.0 7.1
9 8.9 9.7
5 4.8 5.2
5 4.3 5.7
4 3.8 4.5
4 3.7 4.6
5 4.5 5.1
10 8.9 10.3
8 7.5 8.3
5 4.6 5.1
4 3.5 4.1
8 7.3 9.0
10 8.7 10.3
5 4.9 5.0
10 8.8 10.1
6 5.6 6.0
5 4.7 5.5
10 8.7 11.4
6 5.8 6.1
5 4.9 5.3
9 8.3 9.8
5 5.0 5.5
9 9.0 9.0
10 8.5 10.7
10 9.2 10.9
9 8.6 10.2
8 7.6 8.7
8 7.7 9.2
5 4.7 5.0
4 3.6 4.2
7 6.0 7.1
9 8.5 9.1
7 7.0 7.4
5 4.8 5.4
8 7.3 9.0
7 6.4 7.9
4 3.5 4.1
7 6.9 7.9
8 7.8 8.3
6 5.8 6.1
9 7.7 9.4
7 6.4 7.3
4 3.5 4.2
10 9.4 11.2
6 5.8 6.2
4 3.6 4.2
7 6.8 7.7
4 3.7 4.5
8 7.4 9.0
9 8.5 10.4
6 5.7 6.9
6 5.5 6.8
6 5.3 6.5
9 8.6 10.1
9 8.3 9.9
9 8.6 9.8
8 7.9 8.1
7 6.9 8.0
4 3.4 4.2
8 7.0 8.7
5 4.6 5.4
9 8.2 9.0
5 4.5 5.7
4 3.8 4.0
6 5.8 6.5
8 7.2 8.2
6 5.5 6.8
7 6.8 7.7
4 3.4 4.1
4 3.6 4.2
8 7.8 8.0
5 4.5 5.2
5 4.6 5.4
10 9.4 11.0
4 3.6 4.6
7 6.9 7.6
6 5.2 6.7
8 7.0 8.1
8 6.8 8.1
5 4.6 5.8
7 6.0 7.7
9 7.7 9.1
10 9.9 11.0
6 6.0 6.9
7 6.9 7.6
4 3.8 4.1
6 5.8 6.7
7 6.8 8.1
6 5.5 6.5
6 5.1 6.7
8 7.3 8.4
10 9.6 10.7
6 5.3 6.3
6 5.5 6.8
7 6.7 7.1
7 6.0 7.0
8 6.8 8.6
9 8.6 9.6
10 9.7 11.1
10 8.6 10.4
4 3.4 4.5
9 8.6 9.9
8 8.0 8.8
5 4.9 5.4
7 6.0 8.0
5 4.7 5.2
9 8.5 9.4
9 8.3 9.5
9 7.9 10.3
10 9.8 10.1
6 5.2 6.4
9 7.8 9.0
6 5.2 6.5
4 3.7 4.3
6 5.1 6.1
10 8.9 10.9
5 4.9 5.7
6 5.5 6.8
10 8.9 10.3
6 5.5 6.6
10 8.6 10.8
6 6.0 6.1
5 4.5 5.8
4 3.9 4.3
7 6.4 7.1
5 5.0 5.1
6 6.0 6.1
10 9.5 10.3
9 9.0 10.3
8 7.0 8.2
9 7.7 10.2
5 4.3 5.8
9 8.8 9.5
7 6.7 7.3
4 3.6 4.5
6 5.1 6.5
10 9.7 10.1
9 7.7 10.3
7 6.9 7.9
7 6.4 8.1
5 4.8 5.4
10 8.9 10.4
7 6.5 7.2
7 6.7 7.1
7 6.2 7.4
7 6.0 7.3
7 6.9 7.6
7 6.7 7.4
6 5.1 6.1
6 5.2 6.4
5 4.7 5.7
10 9.3 10.1
5 4.5 5.7
4 4.0 4.0
9 8.2 9.5
7 6.9 7.0
8 7.3 8.0
6 5.1 6.5
10 8.5 10.2
8 7.2 9.0
9 8.0 9.3
5 4.3 5.8
9 7.7 9.5
10 8.6 10.9
10 8.8 11.5
7 6.0 7.4
4 3.8 4.5
10 9.7 10.4
5 4.8 5.3
5 4.6 5.2
9 8.6 10.0
8 7.2 9.0
5 5.0 5.0
6 5.9 6.6
10 9.0 10.6
6 5.2 6.3
5 4.7 5.6
7 6.9 7.8
9 8.5 10.3
9 8.8 9.5
6 5.3 6.7
9 8.9 9.9
9 7.7 10.2
7 6.9 7.2
5 4.7 5.1
5 5.0 5.2
6 5.6 6.5
5 4.9 5.7
10 10.0 10.7
8 7.8 8.6
5 4.3 5.5
4 3.4 4.2
10 9.8 10.4
7 6.5 7.4
7 6.8 7.1
8 7.6 8.5
4 3.8 4.2
4 3.7 4.0
10 9.2 10.7
9 8.9 10.1
5 4.6 5.3
6 5.6 6.5
10 9.2 10.7
10 9.3 10.9
8 8.0 8.8
8 7.1 8.5
7 6.1 7.5
5 5.0 5.5
10 9.3 10.6
8 7.8 8.6
10 9.2 11.2
10 8.8 10.5
8 7.8 8.1
7 6.0 7.1
4 3.4 4.1
8 7.4 8.5
6 5.8 6.5
10 9.9 10.9
9 8.2 10.3
10 9.5 10.4
10 8.5 10.6
5 4.7 5.1
7 6.1 7.1
6 6.0 6.1
8 7.8 8.6
8 7.2 8.4
6 5.1 6.2
7 6.9 8.0
9 8.7 9.6
4 3.4 4.4
7 6.5 7.1
4 3.4 4.2
8 7.7 8.6
9 7.9 9.9
7 6.2 7.2
5 5.0 5.7
8 7.6 8.1
6 5.9 6.4
6 5.6 6.9
5 5.0 5.7
8 7.9 8.6
6 6.0 6.7
7 6.4 7.3
6 5.3 6.7
8 7.9 8.6
10 9.4 11.4
7 6.2 7.9
5 4.6 5.5
7 6.4 7.1
6 5.9 6.8
6 5.8 6.4
6 5.2 6.9
7 6.6 7.8
5 4.4 5.0
10 9.5 10.7
10 9.0 10.2
8 7.0 8.1
6 6.0 6.6
5 5.0 5.4
9 7.8 9.9
7 6.9 7.1
10 8.8 10.8
10 8.7 10.3
8 7.8 9.0
8 7.8 8.9
9 7.7 10.2
4 3.4 4.4
8 7.8 8.3
9 8.7 9.4
7 6.4 7.6
4 3.4 4.6
5 4.8 5.5
6 5.2 6.9
7 6.3 7.9
4 3.4 4.0
4 3.5 4.4
9 7.7 10.4
10 9.4 10.6
9 8.1 10.1
6 5.5 6.9
7 6.3 7.8
7 6.8 7.6
9 8.2 9.5
10 8.5 10.4
10 9.6 10.4
7 6.6 7.5
9 8.1 9.2
7 6.1 7.5
4 3.4 4.5
5 4.5 5.0
7 6.3 7.8
9 8.0 9.5
10 8.5 10.6
7 6.4 7.1
10 9.3 10.2
6 6.0 6.2
8 7.4 8.6
4 3.6 4.2
5 4.6 5.6
6 6.0 6.0
9 8.4 9.4
4 4.0 4.3
10 9.9 11.5
9 8.7 9.2
9 7.9 9.2
4 3.7 4.2
8 7.8 8.2
5 4.3 5.8
4 3.8 4.4
5 4.4 5.5
8 7.8 8.5
5 4.5 5.3
8 7.7 8.9
6 6.0 6.8
8 7.0 8.6
5 4.5 5.4
5 4.3 5.5
10 8.5 11.2
4 3.8 4.5
6 5.9 6.5
4 3.6 4.1
8 7.6 8.5
6 5.1 6.0
6 5.2 6.6
6 5.3 6.1
8 7.7 8.0
9 7.9 10.1
9 7.7 9.5
5 4.9 5.7
4 3.5 4.6
8 7.3 8.6
5 4.4 5.6
8 7.8 8.0
4 3.9 4.1
10 9.5 10.9
10 10.0 10.0
7 6.9 7.1
4 3.6 4.6
8 6.8 9.0
4 3.8 4.5
9 8.5 9.9
6 5.9 6.7
4 3.7 4.6
7 6.9 8.1
6 5.8 6.6
5 5.0 5.1
7 6.0 7.9
7 6.7 7.8
6 5.7 6.9
10 8.8 10.8
8 7.9 9.0
10 9.2 10.8
7 6.7 8.1
4 3.5 4.0
5 4.7 5.5
8 7.7 9.0
4 3.5 4.2
8 7.8 9.0
5 4.9 5.4
9 8.8 9.9
4 3.8 4.1
7 6.2 7.9
10 9.5 11.1
9 9.0 9.2
9 8.4 9.3
9 8.2 9.0
4 3.7 4.2
9 8.3 9.9
6 5.8 6.7
9 7.9 10.0
4 3.7 4.6
6 5.2 6.7
6 5.3 6.6
10 8.5 10.1
6 5.5 6.1
5 4.5 5.4
9 7.7 9.5
10 9.3 10.8
4 4.0 4.2
4 3.7 4.2
5 4.4 5.7
10 10.0 10.8
5 4.8 5.7
8 7.3 9.0
4 3.5 4.4
4 3.7 4.4
10 8.8 10.8
6 5.2 6.2
7 7.0 7.4
10 8.9 11.5
6 5.9 6.3
6 5.5 6.8
9 8.1 9.1
9 8.8 9.5
9 8.6 9.2
4 4.0 4.5
8 7.8 8.6
10 9.4 11.5
6 5.5 6.2
7 6.7 7.9
4 4.0 4.3
6 5.1 6.9
10 9.8 10.4
4 3.6 4.1
8 7.7 8.5
10 8.6 10.4
5 5.0 5.6
4 3.5 4.0
8 7.2 8.6
6 5.3 6.5
5 4.4 5.2
4 3.9 4.2
10 8.6 11.3
5 4.5 5.7
6 5.8 6.3
8 7.8 8.3
4 3.7 4.5
6 5.4 6.6
6 5.9 6.3
7 6.0 7.4
9 9.0 9.0
9 8.6 9.1
8 7.9 9.2
8 7.4 9.2
8 7.8 8.7
8 7.0 8.2
9 7.7 9.8
8 8.0 8.4
5 4.8 5.6
4 3.9 4.2
4 3.6 4.3
9 8.8 9.8
8 7.1 9.2
10 9.4 10.9
7 6.2 8.0
7 6.2 7.4
8 7.2 8.6
6 5.6 6.4
7 6.7 7.8
7 6.5 7.2
8 6.9 8.9
9 7.9 10.2
5 4.8 5.3
9 8.1 9.1
5 5.0 5.3
10 9.2 11.0
8 7.5 9.2
10 9.1 10.0
10 8.7 10.3
10 9.0 10.2
7 6.1 7.8
5 4.4 5.1
4 3.9 4.5
4 3.6 4.4
10 8.7 10.9
6 5.8 6.2
8 8.0 8.6
4 3.4 4.2
4 3.8 4.2
4 3.7 4.4
7 6.3 7.5
9 8.6 9.5
6 5.5 6.7
6 6.0 6.4
5 4.9 5.1
7 6.7 7.6
4 3.4 4.3
9 8.7 10.1
10 8.5 11.4
6 5.5 6.6
10 9.0 10.5
5 4.9 5.4
5 4.3 5.4
5 4.4 5.7
5 4.7 5.7
9 8.6 9.8
8 7.5 8.5
7 6.5 7.1
6 5.8 6.4
7 6.4 7.8
5 4.3 5.1
6 5.6 6.1
10 9.8 11.5
9 9.0 9.2
4 3.6 4.4
4 3.5 4.3
7 6.0 7.6
10 9.0 10.7
7 6.3 7.8
4 3.5 4.2
9 7.7 9.5
8 7.8 8.2
4 3.8 4.2
6 5.3 6.9
5 4.7 5.5
5 4.9 5.4
4 3.9 4.4
7 6.2 8.1
7 6.4 7.1
5 5.0 5.8
9 8.9 9.9
6 5.5 6.4
10 8.6 10.3
7 6.4 7.9
7 6.1 7.7
6 5.8 6.5
9 8.8 10.3
7 6.3 7.8
7 6.4 7.0
5 4.5 5.2
8 7.2 8.6
6 5.2 6.3
6 5.3 6.7
7 6.8 7.8
10 9.4 10.9
6 5.5 6.7
5 4.7 5.1
6 5.4 6.2
7 6.7 8.1
6 5.7 6.8
4 3.5 4.2
4 3.8 4.6
5 4.9 5.5
10 8.6 10.3
8 6.9 8.2
6 5.9 6.5
10 9.2 10.1
7 6.4 7.8
6 5.6 6.7
8 8.0 8.5
8 6.9 8.2
5 4.7 5.6
7 6.6 7.6
9 8.0 9.9
10 8.9 10.5
8 7.1 8.6
8 6.9 9.0
5 4.4 5.4
10 9.2 11.2
4 3.6 4.4
10 9.1 11.2
5 4.7 5.7
7 6.1 7.0
5 4.4 5.0
5 4.8 5.7
4 3.4 4.2
5 4.5 5.1
6 5.3 6.2
8 7.0 9.0
7 6.5 7.7
4 3.6 4.5
5 4.3 5.4
5 4.5 5.2
4 3.5 4.1
4 4.0 4.5
9 8.9 9.8
5 4.4 5.6
8 7.6 8.9
10 9.5 11.4
7 6.7 8.1
10 9.5 11.1
6 6.0 6.8
7 6.1 7.2
5 4.4 5.3
10 9.5 10.1
7 6.3 7.5
6 5.2 6.8
6 5.7 6.7
4 4.0 4.2
5 4.7 5.4
5 4.5 5.3
9 8.7 9.7
9 9.0 9.7
8 7.9 8.2
5 5.0 5.8
10 9.6 11.5
9 8.5 9.3
5 4.4 5.5
9 8.1 9.6
10 8.5 10.0
10 9.4 11.3
4 3.5 4.3
9 8.4 9.9
9 9.0 10.1
7 6.3 7.2
10 8.9 10.4
4 3.5 4.2
4 3.7 4.1
9 8.0 9.5
5 5.0 5.5
5 4.8 5.0
10 8.9 10.8
8 6.8 8.0
7 6.9 7.4
10 9.4 11.4
5 4.9 5.5
9 7.9 9.6
4 3.9 4.6
4 3.4 4.3
5 4.6 5.4
8 6.9 8.4
9 7.7 9.0
10 10.0 10.2
9 8.1 10.0
10 8.9 11.2
5 4.9 5.2
5 4.8 5.6
4 4.0 4.3
6 5.2 6.7
4 3.7 4.2
8 7.5 8.2
8 6.8 8.1
6 5.4 6.1
4 3.4 4.5
7 6.2 7.2
6 5.3 6.1
9 8.9 10.1
5 4.7 5.4
6 5.9 6.7
10 9.1 10.6
7 6.2 7.1
9 7.7 9.9
6 5.1 6.7
5 4.8 5.3
9 9.0 10.1
5 4.3 5.1
5 4.5 5.3
9 8.1 9.0
7 6.5 7.5
9 7.7 9.5
5 4.9 5.6
7 6.5 8.1
7 6.4 7.2
5 4.3 5.5
8 7.3 8.1
5 4.6 5.1
6 5.9 6.1
7 6.1 7.7
5 4.9 5.6
4 3.8 4.3
8 7.6 8.2
9 8.7 9.9
10 9.0 11.4
6 5.2 6.4
4 3.4 4.0
8 6.8 8.2
4 4.0 4.1
6 5.5 6.5
9 8.1 9.4
4 3.5 4.3
8 7.2 8.0
4 3.4 4.3
8 7.5 9.0
4 3.8 4.5
6 5.4 6.6
10 10.0 10.9
10 9.5 10.8
8 7.4 8.2
6 5.3 6.2
10 9.6 11.2
7 7.0 7.6
6 5.1 6.4
7 6.8 7.1
5 4.8 5.6
9 8.0 9.6
5 4.9 5.2
7 6.8 7.1
9 7.7 9.4
9 8.2 10.3
4 3.8 4.4
8 7.8 8.9
8 7.6 8.2
8 7.4 8.9
4 3.6 4.5
9 8.9 9.6
5 4.8 5.3
5 4.3 5.7
10 9.7 10.6
6 5.6 6.9
10 10.0 10.4
9 8.5 9.5
5 4.3 5.7
10 9.5 10.5
4 3.7 4.6
9 8.9 10.3
10 9.0 10.2
10 9.1 10.0
5 4.9 5.1
10 8.9 10.0
9 8.6 9.2
6 6.0 6.2
6 5.2 6.8
10 9.6 10.0
6 5.5 6.2
8 7.9 8.2
6 5.5 6.4
7 6.8 7.1
10 8.7 10.2
9 8.7 9.8
12 11.8 12.0
8 7.4 8.2
12 11.6 12.1
12 10.4 12.0
8 7.7 8.7
14 12.9 15.8
15 13.2 16.4
7 6.4 7.4
7 7.0 7.6
15 15.0 17.3
8 7.1 8.0
8 7.0 8.7
14 13.0 16.0
7 6.1 7.3
9 7.7 10.1
9 8.7 9.5
11 10.6 12.4
5 4.5 5.6
14 13.9 15.8
8 7.8 8.7
14 12.7 16.1
5 4.6 5.1
5 4.5 5.3
15 13.7 17.0
14 14.0 14.4
5 4.3 5.7
6 5.2 6.6
15 12.9 16.7
8 7.8 8.8
15 13.4 15.5
10 9.5 11.4
9 8.7 9.2
12 10.6 13.7
14 12.7 15.3
6 5.3 6.5
8 7.0 8.1
9 8.7 9.8
9 8.7 9.6
13 12.4 13.8
10 8.5 11.3
9 8.6 10.0
12 10.3 12.7
5 4.8 5.1
12 10.4 12.7
11 10.0 11.0
5 4.7 5.4
10 10.0 10.9
12 10.3 13.7
6 5.3 6.6
5 4.5 5.5
11 9.7 11.8
15 12.8 16.8
9 9.0 10.2
11 9.5 12.3
12 11.6 13.1
6 5.9 6.4
7 6.4 7.4
11 10.0 11.2
6 5.4 6.1
13 12.9 13.3
13 11.3 13.8
14 14.0 14.3
13 12.1 15.0
7 6.5 7.2
9 9.0 10.1
13 11.8 14.7
5 4.8 5.5
5 4.8 5.7
12 10.4 12.0
12 10.9 13.2
7 6.9 7.2
10 9.3 10.0
6 5.8 6.0
6 5.9 6.3
6 5.6 6.5
5 4.5 5.1
13 11.4 14.4
10 9.9 11.1
10 9.4 10.9
13 13.0 14.3
5 4.8 5.1
6 5.2 6.2
11 10.2 11.9
14 14.0 14.0
11 9.9 11.9
6 5.6 6.0
5 4.4 5.7
11 9.5 11.0
15 12.8 15.9
15 14.1 16.4
9 7.8 9.4
14 12.3 14.0
14 13.3 16.1
5 4.5 5.1
15 13.8 15.6
14 12.7 15.3
15 13.2 17.0
5 5.0 5.6
5 4.3 5.5
6 5.6 6.3
7 6.3 8.1
12 11.9 12.2
13 12.2 14.0
9 7.8 9.6
10 8.5 11.5
15 13.8 16.8
11 9.5 11.1
13 11.4 14.3
13 12.1 14.7
6 5.6 6.7
10 9.2 10.0
12 11.6 12.5
6 5.6 6.9
7 6.8 7.2
14 13.2 15.8
13 12.4 13.1
15 14.7 15.2
10 8.9 10.4
9 8.6 10.2
13 11.3 14.7
11 10.8 11.8
7 6.8 7.6
5 4.8 5.6
10 8.5 10.8
9 7.7 10.3
8 7.0 9.0
6 5.6 6.2
9 8.3 9.6
5 4.6 5.8
13 11.6 14.7
13 12.5 15.0
13 11.3 14.0
5 4.8 5.2
8 7.0 9.1
6 5.2 6.5
12 11.8 13.8
11 10.3 12.1
13 11.4 14.6
15 12.9 17.3
12 10.9 13.8
11 9.9 12.5
7 6.3 7.4
9 7.7 9.7
12 10.6 12.0
10 8.8 11.1
10 8.7 10.1
10 8.9 11.2
7 6.1 7.6
12 10.6 12.2
6 5.2 6.5
6 5.5 6.4
9 7.8 10.2
11 9.6 12.4
12 10.2 13.2
14 13.0 14.4
8 7.7 8.8
9 7.7 9.8
6 5.8 6.7
12 11.3 13.1
8 7.0 8.5
12 10.3 12.2
7 6.7 7.2
10 9.2 11.1
5 4.7 5.5
8 6.8 8.3
12 12.0 12.2
9 8.9 10.2
8 7.0 8.4
6 5.1 6.6
11 9.7 12.3
8 7.9 8.6
13 12.5 14.4
10 9.2 11.5
10 8.7 10.1
13 12.5 13.4
8 7.3 8.0
13 11.6 15.0
7 6.7 7.1
13 12.7 14.0
12 11.5 12.4
8 7.6 9.0
6 5.1 6.2
12 11.9 12.5
12 11.8 13.8
9 8.8 10.0
13 12.2 13.7
12 10.7 12.8
7 6.0 7.4
9 8.2 9.7
13 12.0 14.3
5 4.3 5.7
8 7.5 8.3
10 9.7 11.5
10 9.8 11.1
7 6.0 7.0
9 9.0 10.0
5 4.4 5.6
11 9.8 12.1
10 8.7 11.2
12 11.8 12.7
10 8.7 10.8
6 5.2 6.6
5 4.5 5.7
10 8.8 11.5
6 5.2 6.9
9 9.0 9.9
6 5.1 6.7
14 13.0 14.0
5 4.9 5.5
10 9.3 10.4
11 10.0 11.3
6 5.2 6.0
13 11.4 13.1
7 6.2 7.4
13 12.6 14.0
5 5.0 5.8
11 10.7 12.5
15 12.8 16.5
5 4.7 5.3
13 13.0 14.0
9 8.6 9.4
13 11.3 13.4
15 13.5 16.8
14 12.5 14.7
10 8.8 10.6
5 4.9 5.1
10 9.3 10.1
15 14.6 15.8
7 7.0 7.6
12 11.2 13.3
5 4.7 5.4
7 6.0 7.2
6 6.0 6.3
9 7.7 9.5
12 11.6 12.7
9 8.5 10.3
14 14.0 14.3
14 13.7 14.3
7 6.6 7.1
8 6.9 8.3
13 11.3 14.8
15 14.9 17.0
8 7.0 8.2
15 15.0 15.6
12 11.9 13.6
11 9.9 12.1
11 10.3 12.7
7 6.8 7.9
8 6.8 8.8
10 9.8 11.2
12 11.5 12.8
8 7.0 8.8
14 12.3 15.4
9 7.7 9.9
7 6.9 7.7
5 4.9 5.4
8 7.8 8.5
7 6.2 7.1
14 12.6 15.8
14 12.7 16.1
15 13.1 15.0
14 12.7 15.8
8 7.0 8.2
5 4.9 5.5
7 6.4 7.4
12 10.2 13.6
13 12.4 13.5
15 12.9 15.8
9 8.0 9.0
9 8.6 9.2
7 6.4 7.7
9 7.7 9.2
15 13.4 15.3
14 12.9 16.0
9 8.0 9.7
15 13.4 15.9
14 13.2 15.0
5 4.6 5.7
6 5.9 6.6
7 6.7 7.8
6 5.7 6.3
8 7.4 8.6
12 11.6 13.0
5 4.7 5.8
14 12.0 16.1
10 9.0 10.1
5 4.6 5.8
5 5.0 5.4
13 12.9 14.3
13 12.5 13.7
9 8.8 9.1
12 11.3 13.3
15 14.3 17.3
14 12.9 14.1
10 9.6 10.5
8 7.6 8.5
9 8.3 10.2
14 13.2 14.7
9 8.6 9.7
7 6.7 7.1
15 12.8 16.5
8 7.7 8.2
8 7.4 8.2
8 7.3 8.0
6 5.8 6.5
15 14.0 15.6
13 12.9 13.0
14 13.9 14.8
5 4.6 5.7
6 5.8 6.4
15 14.0 15.6
12 11.5 12.7
9 8.3 9.2
6 5.9 6.6
11 10.0 12.3
8 7.3 8.4
13 12.1 13.4
11 10.9 11.9
13 11.1 14.4
11 10.3 12.1
10 8.5 10.9
15 12.8 16.1
5 4.3 5.2
9 8.1 10.1
9 8.6 9.3
14 13.2 16.0
9 8.5 9.5
13 12.6 13.7
13 11.8 14.8
10 8.7 10.8
11 10.7 11.7
7 6.0 7.5
7 6.2 7.4
8 7.2 8.1
15 14.9 16.4
6 5.4 6.4
7 6.2 7.3
5 4.6 5.1
5 4.3 5.5
9 8.6 10.3
13 12.0 13.8
14 12.7 14.1
11 11.0 12.3
10 8.9 11.0
8 7.4 8.8
12 11.2 12.5
11 9.8 12.5
14 13.3 14.1
9 8.7 10.0
14 13.7 15.4
5 4.3 5.6
14 13.9 14.0
8 7.0 8.2
15 13.4 16.1
7 6.8 7.4
7 6.4 7.9
5 4.8 5.3
11 10.9 11.1
9 8.7 10.0
9 8.4 10.4
15 14.0 16.1
14 14.0 16.1
15 14.4 15.8
14 13.0 14.4
8 7.9 8.2
12 10.4 12.8
13 12.1 14.8
14 12.3 16.0
12 10.8 13.0
11 10.6 11.8
13 11.2 14.3
14 12.7 15.8
13 11.8 13.9
13 12.7 14.7
5 4.7 5.5
11 9.9 12.2
7 6.4 7.8
15 14.6 16.4
13 12.7 15.0
11 10.9 11.2
7 6.9 7.8
13 12.5 14.4
9 8.9 9.5
5 4.3 5.4
12 11.9 13.1
7 6.2 7.9
9 7.7 9.8
6 5.9 6.2
13 11.8 14.2
13 11.4 14.0
14 13.3 14.7
9 8.5 10.2
12 11.4 12.7
8 7.5 8.6
14 13.0 15.3
14 14.0 15.4
12 12.0 12.0
10 9.6 11.4
13 12.1 13.0
8 7.4 8.6
6 5.4 6.7
11 10.7 12.2
6 5.5 6.4
12 10.4 13.8
11 10.3 11.0
5 4.4 5.7
7 6.5 8.0
11 10.2 12.2
9 8.3 10.0
15 14.0 16.8
12 11.5 13.8
6 5.5 6.6
5 4.4 5.7
12 11.3 12.6
8 7.5 8.2
14 13.9 14.4
8 7.4 8.6
13 11.6 13.3
9 7.9 9.8
11 10.5 12.3
8 8.0 8.4
6 5.5 6.8
10 9.1 11.1
11 9.9 11.3
14 13.7 15.1
10 9.2 10.7
8 7.7 8.6
13 12.6 13.5
11 10.9 12.0
7 6.8 7.3
15 13.2 15.8
14 12.2 15.7
9 8.5 10.3
5 5.0 5.4
15 13.8 15.8
5 4.5 5.2
13 11.1 13.7
13 11.2 14.3
12 11.0 13.2
8 7.0 8.6
15 14.3 16.1
12 10.7 13.2
13 12.6 13.1
14 13.3 14.4
7 6.4 7.3
7 6.7 7.4
11 9.9 11.2
10 9.3 11.3
13 12.9 14.7
12 12.0 13.8
6 5.8 6.8
8 7.0 8.8
12 11.8 12.8
9 7.7 9.7
8 7.1 9.2
5 4.6 5.8
15 14.4 15.6
6 5.6 6.4
5 4.6 5.8
5 4.5 5.1
10 9.5 11.1
15 14.3 15.2
13 12.6 13.5
9 8.2 9.9
13 11.2 13.9
5 5.0 5.7
12 10.6 12.7
13 12.2 14.4
13 11.8 13.9
6 5.4 6.3
13 12.0 13.1
5 4.9 5.7
5 5.0 5.3
10 8.7 10.1
8 7.4 8.2
8 7.2 8.5
9 7.7 9.5
6 5.5 6.7
14 12.6 15.0
7 6.2 7.4
11 9.5 11.1
5 4.7 5.5
13 12.5 14.4
12 10.7 13.1
9 8.6 9.5
14 12.2 15.7
8 7.1 8.6
15 14.0 15.2
14 12.5 14.4
5 4.9 5.8
11 9.5 12.5
15 13.4 15.5
9 8.1 9.1
11 10.5 12.5
13 12.0 15.0
15 14.0 17.1
15 12.9 17.3
12 10.4 12.1
12 12.0 12.5
14 13.3 15.4
7 6.1 7.1
6 5.8 6.0
6 5.6 6.1
6 5.7 6.9
5 4.3 5.1
11 9.6 11.7
5 4.6 5.4
9 7.7 9.2
5 5.0 5.3
8 7.4 8.3
13 12.0 13.0
15 13.2 16.5
8 7.6 8.5
6 5.5 6.4
14 11.9 14.7
15 12.9 16.1
9 8.9 10.4
7 6.5 7.3
5 4.4 5.5
5 4.6 5.7
15 12.8 15.9
13 12.6 13.9
7 7.0 8.1
9 8.4 9.9
13 11.6 14.4
7 6.3 7.7
12 11.5 13.6
14 12.7 15.5
9 8.7 9.2
5 4.4 5.2
6 5.9 6.6
15 14.3 16.4
11 9.8 12.0
10 9.4 11.1
15 12.9 16.5
10 9.8 11.3
14 13.9 15.4
9 8.8 10.3
11 10.3 12.4
8 6.8 8.6
10 8.5 10.6
8 7.8 8.3
6 5.5 6.8
11 10.9 12.0
8 7.7 8.5
15 14.6 15.8
15 15.0 15.5
6 5.5 6.1
7 6.1 7.9
14 12.3 16.0
12 10.3 12.5
10 9.6 11.4
15 13.4 16.4
10 8.6 11.4
14 12.0 15.8
9 9.0 9.8
12 11.6 12.1
15 13.8 15.8
9 8.2 9.5
15 14.7 16.2
10 9.2 11.3
14 12.0 15.3
12 11.0 13.8
9 7.9 10.4
6 5.6 6.4
7 6.7 7.1
7 6.8 7.1
10 9.1 11.1
12 10.4 13.7
8 7.9 8.6
8 7.8 8.2
14 13.0 14.4
8 7.9 8.3
9 8.2 9.2
8 7.7 8.6
12 11.4 13.8
8 7.7 9.1
6 5.6 6.2
14 14.0 14.0
9 8.1 10.0
13 12.9 14.6
14 12.6 15.8
9 8.5 9.0
10 8.7 11.0
11 10.7 12.2
8 7.0 8.6
6 6.0 6.7
15 14.1 15.6
8 7.1 8.2
7 6.2 7.8
9 9.0 10.1
7 6.1 7.0
14 13.4 14.0
6 5.2 6.7
14 12.5 15.1
15 15.0 17.0
10 10.0 11.0
8 7.8 8.1
9 7.7 9.5
11 9.7 11.6
10 9.0 10.4
5 4.9 5.6
6 5.9 6.0
12 11.3 12.6
15 14.0 15.3
10 9.5 10.1
8 7.0 8.4
14 12.3 14.7
10 9.8 10.4
5 5.0 5.1
13 11.7 13.7
8 7.5 8.2
9 8.0 9.7
12 10.2 13.2
6 5.7 6.4
15 13.1 15.6
7 6.1 7.4
6 5.6 6.8
10 9.6 10.6
9 8.6 9.2
12 11.3 12.2
5 4.6 5.3
15 13.5 16.1
7 6.0 7.5
13 12.5 13.7
12 11.5 13.4
11 10.1 12.2
8 7.0 8.6
14 13.6 15.3
15 13.4 15.3
6 5.6 6.1
13 11.4 15.0
8 7.4 9.0
8 7.9 8.6
14 13.7 15.8
10 9.8 10.1
11 9.6 11.7
12 11.8 13.8
13 11.1 14.3
9 8.5 9.1
8 7.6 8.4
9 8.1 9.6
13 12.9 13.3
11 9.6 11.3
15 14.3 16.1
10 9.9 10.6
15 13.4 17.1
14 12.0 14.0
9 8.5 9.0
6 5.8 6.6
15 13.7 15.5
8 7.4 8.2
7 6.9 7.8
8 7.0 8.4
13 11.1 13.8
13 12.6 13.8
12 10.7 13.7
5 5.0 5.2
6 5.9 6.7
15 15.0 15.5
13 12.4 14.8
8 6.9 8.0
8 7.9 9.0
7 6.2 8.0
8 7.6 8.8
12 10.9 13.8
14 13.6 15.5
9 9.0 9.1
11 10.6 12.4
8 7.2 8.1
12 10.7 12.4
13 13.0 13.8
7 6.4 7.2
12 11.8 13.7
12 10.7 13.3
13 12.6 14.4
13 12.6 14.0
7 6.3 7.9
9 8.5 9.8
13 13.0 13.7
11 11.0 12.5
14 12.3 14.1
8 7.7 9.0
5 4.3 5.1
10 9.6 11.3
7 6.7 7.5
12 11.5 13.8
14 13.3 14.3
14 13.3 14.3
13 11.7 13.9
14 13.4 14.8
11 10.3 11.0
8 7.4 8.8
13 12.7 13.8
13 11.8 14.7
10 9.3 11.3
7 7.0 7.8
6 5.8 6.4
8 7.0 8.6
15 15.0 17.0
9 7.8 9.5
12 10.7 13.3
12 11.8 13.2
11 10.5 12.0
9 9.0 9.4
12 10.6 13.3
14 13.2 16.0
5 4.9 5.4
12 11.8 12.4
5 4.7 5.6
7 6.0 7.5
8 7.7 8.4
9 8.4 9.1
12 11.6 13.7
7 6.9 7.3
12 10.8 12.7
6 5.9 6.0
11 9.6 12.7
12 10.9 13.2
6 5.5 6.7
13 11.3 14.4
14 12.7 14.1
7 6.0 7.1
14 13.6 14.3
15 14.3 17.1
11 10.6 11.3
5 4.5 5.5
11 9.6 11.6
6 6.0 6.2
12 12.0 12.8
7 6.9 7.6
5 4.4 5.2
7 6.0 8.1
8 7.6 8.7
6 5.2 6.8
7 6.5 7.9
7 7.0 7.0
9 8.5 9.1
11 9.7 11.6
13 13.0 13.7
15 13.2 15.5
6 6.0 6.7
5 4.7 5.1
11 10.0 11.0
5 4.9 5.6
15 13.5 17.0
14 13.4 16.1
7 7.0 7.8
750
17 15.5 19.2
34 32.0 35.4
32 27.2 33.9
31 28.2 31.9
38 33.1 38.0
33 31.4 34.0
33 32.7 35.3
24 20.9 25.9
32 31.0 35.5
31 30.1 35.7
40 38.8 42.0
25 24.0 28.8
22 21.3 24.6
27 24.0 28.1
26 24.7 27.3
31 27.0 31.6
25 24.5 25.3
27 25.9 27.3
30 28.2 32.7
33 31.7 35.0
27 24.3 29.2
34 32.0 35.0
19 16.5 20.5
27 26.5 30.0
32 27.8 35.8
38 37.2 40.3
33 32.3 34.3
20 19.4 20.0
35 34.0 39.2
23 22.5 23.5
36 31.7 39.2
33 29.7 35.6
26 25.2 27.8
36 35.6 41.0
27 23.0 27.0
36 32.4 38.5
19 16.7 21.7
40 34.4 42.8
21 19.3 21.4
17 17.0 18.5
27 26.2 28.6
23 21.6 24.8
28 24.1 31.1
25 24.0 27.0
28 27.4 31.6
29 27.6 29.9
28 27.4 30.2
28 24.6 28.3
25 21.5 25.5
33 28.4 37.0
35 35.0 38.9
32 27.2 32.3
36 33.8 41.0
27 24.8 30.0
27 25.9 28.4
27 23.8 27.3
26 24.2 27.6
23 22.3 23.0
36 34.9 38.9
22 21.8 25.1
35 30.8 35.0
21 20.6 23.3
30 25.8 33.0
24 21.4 25.7
34 31.6 38.8
33 28.7 36.6
31 29.1 34.4
29 29.0 32.5
26 23.7 29.6
29 24.7 30.7
32 29.4 35.5
23 20.9 25.3
27 23.8 28.9
28 24.4 28.8
31 28.8 34.7
22 19.4 25.3
31 29.8 33.2
23 22.8 26.0
19 17.1 20.3
24 20.6 27.4
37 31.5 42.6
34 31.3 39.1
29 27.3 29.6
38 33.8 39.1
25 24.5 25.3
38 36.1 39.9
35 32.6 39.9
27 24.0 28.6
34 32.3 38.4
28 27.7 28.6
36 33.8 37.1
30 25.5 31.5
21 20.8 21.2
31 29.8 32.9
38 33.4 39.1
25 24.3 25.3
31 26.4 31.6
28 26.6 30.2
23 21.6 26.0
24 21.4 27.1
34 33.7 34.7
34 30.9 36.0
31 26.7 33.8
32 30.7 34.9
28 26.6 31.9
33 30.4 38.0
35 31.2 36.4
25 23.8 28.8
33 31.7 37.6
35 31.9 39.9
27 23.8 28.9
27 23.2 27.0
29 28.7 30.7
32 30.7 33.6
23 22.3 23.2
34 32.0 36.4
25 23.8 26.3
39 39.0 39.8
25 23.0 28.3
35 30.8 38.5
24 20.4 27.4
25 22.5 26.8
31 30.1 33.8
26 22.9 26.5
33 28.7 35.3
24 22.8 24.7
22 19.6 24.9
29 26.4 29.9
32 28.2 36.5
30 27.0 31.8
34 31.6 38.8
35 34.0 37.1
33 30.7 35.0
33 33.0 36.6
24 23.0 25.4
25 21.3 28.0
30 25.8 34.5
34 29.2 35.7
32 27.5 33.0
39 33.9 41.7
27 26.5 30.8
25 22.8 28.5
37 31.5 41.8
35 34.0 35.4
26 25.0 28.3
19 16.3 21.3
30 29.7 32.7
25 22.0 25.8
28 26.0 31.1
19 16.9 19.0
17 15.1 17.0
34 29.2 38.8
32 27.8 32.0
40 35.2 42.0
38 35.3 42.9
43 42.6 48.2
31 27.0 35.0
37 36.3 38.1
21 18.7 23.7
37 34.0 41.1
31 26.4 32.9
33 32.3 35.6
26 23.1 28.1
25 21.5 25.3
27 24.8 30.5
36 36.0 38.2
35 30.5 36.1
35 31.2 36.1
35 29.8 35.4
31 27.3 31.9
25 24.5 25.0
21 18.3 22.1
37 31.5 41.8
32 31.7 34.6
28 23.8 29.7
32 29.8 32.0
22 22.0 23.3
28 27.4 30.5
25 23.0 26.5
38 35.0 42.6
26 25.7 27.6
31 26.7 31.6
34 33.0 35.7
17 14.8 18.2
23 19.6 23.2
23 21.2 23.9
37 31.5 39.6
24 23.8 25.2
40 38.8 40.0
27 25.9 27.8
23 22.5 26.0
30 28.5 33.6
32 31.0 33.0
26 25.2 26.0
31 27.6 33.2
27 23.8 27.8
30 27.3 33.0
23 19.6 26.2
36 34.2 37.1
30 30.0 32.4
28 26.3 30.0
22 19.4 24.2
25 22.0 28.8
26 23.9 27.8
29 26.4 29.9
31 30.4 33.5
31 26.7 31.3
32 32.0 35.2
31 27.9 31.3
22 18.7 23.1
27 24.8 30.5
31 30.1 31.6
24 23.8 24.5
40 35.6 41.2
34 32.0 35.0
29 26.1 31.3
26 23.7 28.1
26 23.1 29.9
31 26.4 31.0
33 29.7 36.6
27 26.2 28.4
34 34.0 37.4
31 29.1 31.0
31 29.5 31.6
26 22.4 26.0
29 27.3 32.8
34 32.6 34.7
25 22.3 25.5
28 24.1 30.8
27 24.6 27.0
20 17.0 21.0
26 23.7 26.8
23 21.4 25.3
34 33.7 34.0
32 28.5 36.8
31 28.8 33.2
31 28.8 35.7
36 33.5 41.4
22 20.9 25.1
34 30.3 35.7
36 31.0 36.4
30 29.1 30.0
32 29.4 33.3
28 24.9 29.1
28 26.6 28.8
44 43.1 49.7
29 25.5 29.9
24 22.6 26.2
33 29.0 35.3
24 23.3 26.6
25 24.0 27.3
31 28.5 33.2
25 21.5 26.5
24 22.1 27.1
29 27.3 29.9
35 30.5 36.4
29 26.4 33.4
24 21.6 24.0
24 24.0 24.0
40 34.4 43.6
31 28.8 35.7
26 25.7 27.3
36 34.6 41.0
26 23.9 29.1
30 26.7 33.6
23 20.7 23.5
32 27.8 35.2
15 12.8 16.5
28 27.4 28.3
28 25.2 30.0
24 23.0 26.6
24 20.9 25.0
24 20.9 27.4
31 26.7 35.0
33 28.4 34.7
34 28.9 34.0
30 27.9 30.6
37 35.2 40.0
30 28.8 33.6
33 30.0 34.3
35 31.9 36.4
23 23.0 23.5
40 35.6 43.6
29 25.5 30.5
20 17.2 21.8
25 23.3 26.8
29 24.7 31.3
26 23.7 26.8
29 27.3 30.5
27 27.0 29.7
29 27.3 32.2
30 26.4 32.7
33 30.7 38.0
28 24.9 30.0
26 22.4 26.0
24 22.6 25.9
37 35.5 39.2
35 32.6 35.7
27 23.5 31.1
25 22.0 25.0
26 24.2 27.6
29 27.3 31.9
25 23.0 28.8
25 23.0 25.5
27 23.0 27.5
31 28.8 31.0
23 20.0 24.2
36 34.2 36.4
27 25.4 27.3
32 28.5 34.9
31 29.5 35.7
31 29.5 34.7
29 25.5 31.6
28 25.5 28.6
30 28.2 30.0
29 28.7 31.6
15 13.4 15.2
27 26.2 27.0
38 33.8 39.1
19 16.9 20.7
24 20.4 27.1
34 32.3 38.1
31 30.4 34.7
33 32.7 36.0
39 39.0 44.5
25 22.3 26.5
29 27.6 31.6
30 30.0 30.9
24 23.5 26.9
34 31.6 34.0
27 25.7 30.0
32 29.4 36.2
32 32.0 32.3
31 27.3 35.3
33 32.0 37.0
30 28.2 34.5
34 29.2 38.1
30 27.0 30.0
20 19.8 20.6
25 24.3 27.3
25 22.3 26.5
37 35.9 39.6
27 24.0 31.1
37 34.0 41.4
34 30.6 38.8
35 32.9 38.5
28 26.9 28.6
33 29.7 36.6
34 29.2 34.7
28 26.9 29.1
31 27.3 32.2
35 32.9 39.2
20 18.6 23.0
25 25.0 28.8
28 27.2 29.1
38 37.6 38.0
31 29.8 35.7
26 22.4 26.8
31 29.5 33.2
31 29.5 34.4
27 26.5 28.6
28 27.7 30.2
32 31.4 33.3
30 27.9 33.9
30 26.4 33.6
22 20.0 25.3
23 20.5 23.9
27 23.0 30.2
39 34.3 44.5
35 34.3 39.2
29 27.8 30.7
33 28.7 35.3
25 21.8 26.3
25 22.0 26.3
28 24.4 28.3
35 34.0 38.9
25 21.3 27.8
23 22.8 23.7
29 26.7 30.5
35 30.5 37.5
33 29.0 34.7
28 27.7 31.9
26 25.5 27.6
28 25.2 28.6
21 20.0 22.3
33 32.3 34.0
29 24.7 31.9
24 24.0 25.0
33 32.3 34.7
27 27.0 28.4
31 27.3 35.3
30 28.8 33.9
27 26.2 30.5
31 26.4 34.7
27 26.7 30.2
35 33.3 36.4
25 23.0 28.8
31 27.9 33.2
35 30.8 35.7
38 37.2 42.6
29 27.8 31.3
27 26.7 30.0
31 28.8 31.6
36 32.8 38.9
34 32.0 35.4
32 27.2 33.3
21 19.3 22.3
34 32.0 35.0
28 25.5 29.1
30 25.8 33.0
29 24.9 31.3
29 27.3 29.6
30 27.6 33.6
34 32.0 36.7
28 26.9 30.8
28 26.6 30.8
35 31.2 37.1
17 16.0 18.4
26 23.9 27.6
33 32.7 36.0
24 24.0 25.9
26 23.9 29.6
27 23.5 27.3
24 23.0 24.7
20 17.4 21.0
23 21.6 23.2
23 21.9 26.5
35 32.9 35.0
31 27.9 31.3
29 24.9 32.5
32 27.2 36.2
30 28.2 30.6
43 36.6 43.9
28 25.2 29.4
26 22.4 27.0
41 36.9 46.3
29 27.0 31.9
39 37.1 41.7
32 28.2 35.5
41 36.9 45.9
31 27.3 31.3
30 29.4 33.0
40 38.4 41.2
34 33.3 35.4
33 29.0 33.0
30 26.4 32.7
31 30.1 33.5
31 26.7 31.9
24 21.4 25.7
29 25.5 33.1
28 28.0 30.8
33 28.4 35.3
31 26.4 32.9
29 26.4 31.6
22 19.6 22.0
18 17.3 19.3
30 25.5 32.1
17 15.5 17.7
20 19.4 21.4
27 25.7 28.1
36 35.3 38.9
29 28.4 30.5
28 23.8 31.4
17 15.5 18.9
27 26.2 29.4
24 21.1 24.5
25 22.0 26.8
38 38.0 41.8
28 25.5 30.5
34 33.0 34.3
18 16.9 20.0
29 27.6 29.9
36 35.6 38.9
29 27.0 29.6
35 31.5 35.0
27 26.5 30.5
36 31.3 41.0
26 24.7 27.6
39 33.9 44.5
33 32.0 35.6
30 26.7 30.3
30 28.8 32.7
27 25.4 30.2
28 25.8 30.2
25 22.5 28.0
26 24.2 29.1
28 28.0 30.2
36 34.2 39.6
21 19.1 23.1
32 27.5 35.2
24 20.9 27.1
28 24.9 30.8
26 23.1 28.6
28 25.2 30.0
30 26.7 32.7
22 21.8 22.0
40 38.8 42.8
34 32.3 34.3
30 26.4 31.8
27 26.7 28.4
37 33.3 37.7
25 22.0 25.8
28 24.4 29.1
32 28.8 36.2
41 36.9 41.4
25 22.3 28.8
23 21.2 23.2
31 29.5 35.3
26 24.4 26.8
22 20.0 23.1
28 26.9 31.6
35 31.2 39.2
29 26.7 33.1
33 30.7 35.3
30 28.8 33.6
31 30.1 32.2
26 24.4 27.8
28 26.3 28.0
30 29.4 32.7
32 28.5 32.3
35 32.6 38.9
26 24.7 26.3
39 37.8 42.9
39 39.0 44.9
37 36.6 37.7
20 18.2 23.0
26 23.9 27.6
22 21.6 24.4
33 31.0 36.6
26 22.6 29.4
27 23.2 30.2
31 27.6 32.2
32 28.2 33.6
26 22.1 27.0
29 24.9 32.5
22 20.7 22.0
29 28.1 31.0
35 32.6 36.1
32 28.5 34.6
28 23.8 28.0
26 23.1 27.3
33 28.1 35.0
30 26.7 30.3
30 27.9 32.4
30 25.8 30.3
22 19.4 24.2
23 22.8 24.2
24 22.1 25.2
23 22.1 23.7
29 29.0 29.3
27 25.7 28.6
28 27.4 30.8
25 21.5 28.5
27 25.1 29.7
32 29.8 33.6
37 34.8 41.1
24 21.1 26.2
28 23.8 29.1
30 25.5 33.6
35 34.3 39.9
30 27.3 34.5
30 27.6 30.0
37 32.9 38.9
22 18.9 24.6
37 35.5 39.2
35 31.9 38.5
32 29.1 36.8
36 32.8 40.3
26 25.0 26.3
28 26.0 28.3
26 22.1 27.3
29 25.2 31.6
30 28.8 33.3
32 27.8 36.5
14 13.9 14.4
11 9.4 12.3
18 18.0 19.4
25 24.0 27.0
29 24.9 31.3
30 27.6 30.6
26 22.9 26.8
22 21.8 22.7
35 30.8 37.8
42 38.6 46.2
27 25.1 31.1
32 29.8 35.8
36 33.5 39.2
32 30.1 34.6
21 17.9 21.6
30 29.4 31.5
34 29.6 38.8
34 32.6 37.1
26 22.1 26.3
38 35.7 38.4
33 31.0 33.3
18 15.5 20.3
30 25.8 30.3
36 31.7 41.0
30 30.0 31.5
37 36.3 40.0
32 27.5 32.6
30 25.5 30.3
30 29.7 32.4
28 25.8 31.9
27 23.5 29.4
27 24.8 28.6
25 23.5 28.3
33 29.7 38.0
30 26.4 30.9
26 23.1 26.3
28 27.4 31.6
25 25.0 26.0
24 23.0 27.4
29 27.0 31.3
28 28.0 28.0
24 23.0 27.6
34 34.0 34.7
24 21.8 26.9
33 29.7 35.0
30 25.8 33.0
36 34.6 39.6
31 27.0 31.9
25 24.5 28.0
27 25.7 27.5
25 22.8 25.0
39 36.3 44.1
34 33.3 34.3
28 27.7 29.7
42 38.2 44.1
33 32.0 35.3
35 32.2 37.5
26 22.6 29.6
17 14.8 17.5
30 29.1 32.1
32 32.0 36.2
25 21.3 27.3
30 27.6 33.9
34 32.6 39.1
31 26.7 32.6
25 21.5 25.0
30 29.1 34.2
30 28.5 33.6
39 33.5 44.5
20 19.2 20.6
24 20.6 27.6
16 14.4 17.0
34 32.0 37.4
35 31.5 38.5
32 28.5 35.5
30 27.3 30.3
29 27.8 29.3
26 23.4 26.5
31 28.2 31.9
33 30.7 34.3
31 28.5 31.9
43 38.3 43.0
28 27.4 31.9
27 25.1 30.0
32 30.4 36.2
35 31.5 36.4
34 34.0 38.8
29 27.8 30.2
37 31.8 38.9
27 24.6 30.8
21 18.7 23.3
36 32.8 37.1
30 28.8 30.3
32 28.8 33.0
24 22.1 27.6
27 26.5 28.6
25 24.3 28.5
22 20.7 23.8
31 29.8 34.4
23 21.6 25.8
30 26.7 33.3
31 26.4 33.2
21 20.6 23.5
31 27.3 33.5
20 19.2 20.2
34 28.9 35.0
25 22.8 25.5
25 23.3 25.8
28 24.4 30.2
20 17.4 21.6
28 26.3 29.7
35 34.0 35.7
32 29.1 34.2
28 25.5 31.6
37 36.3 42.2
32 29.8 36.5
36 34.2 40.7
29 25.2 32.8
35 32.9 37.8
28 25.5 28.3
33 30.7 34.0
27 25.9 28.1
21 18.7 21.4
33 28.7 36.0
33 28.7 38.0
25 24.5 28.3
33 30.7 33.3
28 25.8 29.7
29 27.6 30.2
29 27.8 31.9
25 23.8 25.5
26 26.0 29.9
36 32.8 38.5
26 24.4 27.6
29 24.7 29.9
22 20.2 25.1
35 32.9 37.8
22 19.4 25.1
34 29.2 35.0
28 27.7 31.6
32 31.0 33.6
34 34.0 34.3
32 32.0 36.2
30 26.7 30.6
34 32.0 34.0
21 19.5 21.8
28 28.0 30.0
30 28.2 31.2
29 28.4 32.5
27 24.6 31.1
32 30.4 35.2
35 30.1 40.3
29 25.2 32.8
34 31.3 38.8
28 26.6 31.9
29 25.2 32.5
27 26.2 27.3
38 33.4 41.4
33 28.1 37.6
34 32.0 37.4
32 28.5 35.5
25 24.8 26.8
32 28.5 32.6
35 30.8 35.7
37 36.3 41.8
35 34.7 36.8
23 21.6 25.1
31 28.5 35.7
28 25.5 31.4
37 32.6 42.2
27 26.7 31.1
32 29.8 35.2
37 36.3 37.7
28 25.2 30.8
36 33.8 39.2
31 29.5 34.4