1500
2 1.9 2.0
2 2.0 2.2
3 2.7 3.2
2 1.8 2.1
3 2.6 3.2
3 2.8 3.3
2 2.0 2.1
1 1.0 1.1
1 0.9 1.1
2 1.9 2.0
2 1.8 2.0
3 2.6 3.0
1 0.9 1.0
2 2.0 2.3
3 3.0 3.4
3 2.6 3.2
1 0.9 1.1
3 2.6 3.1
2 1.7 2.3
3 2.7 3.2
1 1.0 1.1
1 0.9 1.0
1 1.0 1.1
3 2.7 3.4
3 2.7 3.3
1 1.0 1.0
2 1.8 2.1
1 0.9 1.0
3 2.9 3.1
1 0.9 1.0
3 2.6 3.2
3 2.9 3.3
1 0.9 1.0
2 1.7 2.2
2 1.9 2.1
2 1.9 2.0
1 0.9 1.0
2 1.9 2.0
1 0.9 1.1
1 1.0 1.0
2 2.0 2.3
2 1.8 2.1
1 1.0 1.0
1 1.0 1.1
1 1.0 1.1
2 1.9 2.1
2 1.7 2.2
3 2.8 3.1
2 2.0 2.2
3 2.6 3.0
1 0.9 1.1
2 1.9 2.2
3 2.7 3.0
1 0.9 1.0
1 0.9 1.1
1 0.9 1.1
3 2.7 3.2
2 1.9 2.3
2 2.0 2.0
1 0.9 1.1
1 0.9 1.1
2 1.8 2.3
1 1.0 1.1
2 1.8 2.1
3 2.7 3.1
3 2.9 3.4
3 2.6 3.2
3 2.9 3.2
2 1.7 2.2
2 1.8 2.2
2 1.7 2.1
1 0.9 1.1
2 1.9 2.3
1 1.0 1.1
1 0.9 1.0
3 2.9 3.2
2 1.9 2.2
3 2.9 3.4
1 1.0 1.0
1 0.9 1.0
3 3.0 3.2
1 0.9 1.0
2 1.8 2.1
3 2.9 3.2
1 1.0 1.2
3 2.7 3.2
2 1.8 2.0
1 0.9 1.1
1 0.9 1.1
3 2.6 3.2
1 1.0 1.1
2 1.7 2.0
3 2.7 3.1
1 0.9 1.1
3 2.6 3.3
3 2.9 3.2
2 1.9 2.1
1 0.9 1.1
2 1.9 2.1
3 3.0 3.2
2 1.9 2.3
1 0.9 1.0
2 1.7 2.2
1 0.9 1.2
3 2.8 3.3
3 2.9 3.3
1 1.0 1.1
3 2.6 3.4
2 1.9 2.0
2 1.9 2.2
3 2.9 3.0
2 1.9 2.2
3 2.6 3.0
1 0.9 1.2
1 0.9 1.1
2 1.8 2.2
1 1.0 1.2
1 0.9 1.0
3 2.8 3.2
2 1.9 2.1
1 0.9 1.0
3 3.0 3.4
3 3.0 3.0
1 1.0 1.1
2 1.8 2.1
3 2.9 3.0
3 2.9 3.3
1 0.9 1.1
3 2.9 3.1
3 3.0 3.1
3 2.9 3.4
1 1.0 1.1
3 2.6 3.4
3 2.9 3.5
3 2.7 3.1
2 1.9 2.1
2 1.9 2.2
2 2.0 2.1
1 0.9 1.1
1 0.9 1.1
2 1.8 2.1
1 1.0 1.1
2 2.0 2.3
2 1.9 2.2
1 0.9 1.0
3 2.6 3.3
3 2.9 3.1
2 1.8 2.2
3 3.0 3.2
2 1.9 2.0
1 0.9 1.1
3 3.0 3.3
2 1.8 2.0
3 2.7 3.2
2 1.8 2.1
3 2.9 3.4
3 2.9 3.5
2 1.8 2.3
2 2.0 2.1
3 2.7 3.0
1 0.9 1.2
1 1.0 1.1
3 2.9 3.4
1 0.9 1.0
3 2.9 3.2
1 1.0 1.1
3 2.9 3.5
3 2.7 3.0
1 1.0 1.0
1 0.9 1.1
1 0.9 1.1
1 0.9 1.1
1 0.9 1.0
1 1.0 1.1
1 0.9 1.1
1 0.9 1.1
3 2.9 3.4
3 2.8 3.2
3 2.8 3.5
3 2.8 3.4
1 0.9 1.1
1 1.0 1.1
3 2.6 3.5
1 1.0 1.1
3 3.0 3.2
1 0.9 1.0
1 0.9 1.1
2 1.9 2.2
2 1.9 2.2
2 1.7 2.0
3 2.7 3.3
3 2.7 3.0
1 0.9 1.0
2 1.9 2.1
3 2.9 3.3
3 2.9 3.1
2 1.8 2.2
3 2.7 3.4
1 0.9 1.0
1 1.0 1.1
2 1.9 2.2
2 1.9 2.2
3 2.7 3.2
3 2.6 3.3
3 2.9 3.5
1 1.0 1.1
3 2.8 3.0
1 0.9 1.1
1 0.9 1.1
2 1.8 2.2
1 1.0 1.1
1 0.9 1.1
1 1.0 1.1
1 0.9 1.1
1 0.9 1.1
2 1.8 2.2
2 2.0 2.1
3 3.0 3.2
1 0.9 1.1
1 0.9 1.1
2 1.9 2.1
2 1.7 2.2
1 1.0 1.0
3 2.6 3.3
1 1.0 1.1
2 1.8 2.1
3 2.7 3.0
3 2.6 3.1
3 3.0 3.3
1 0.9 1.0
2 1.9 2.3
2 1.8 2.3
1 0.9 1.1
1 1.0 1.1
3 2.8 3.4
3 2.9 3.4
1 0.9 1.0
1 0.9 1.0
1 0.9 1.1
3 2.6 3.3
3 2.9 3.2
1 0.9 1.0
2 1.9 2.2
3 3.0 3.0
1 0.9 1.0
1 0.9 1.1
3 2.9 3.5
3 2.6 3.2
1 0.9 1.1
1 0.9 1.1
2 2.0 2.0
2 1.7 2.1
3 2.9 3.1
2 2.0 2.0
1 0.9 1.1
1 0.9 1.2
1 1.0 1.1
2 1.7 2.0
3 2.7 3.0
2 2.0 2.3
1 1.0 1.1
1 1.0 1.2
3 2.8 3.2
1 1.0 1.0
1 0.9 1.1
2 1.8 2.2
1 1.0 1.2
3 3.0 3.3
3 2.7 3.2
2 2.0 2.1
2 1.9 2.0
2 1.9 2.0
1 0.9 1.1
1 1.0 1.1
1 0.9 1.0
3 2.7 3.1
1 0.9 1.1
1 1.0 1.1
1 1.0 1.1
1 1.0 1.2
2 1.7 2.2
3 2.6 3.2
2 1.9 2.1
2 1.9 2.2
2 1.9 2.1
1 1.0 1.0
1 1.0 1.2
2 1.9 2.0
3 2.7 3.4
2 1.9 2.1
1 0.9 1.1
1 0.9 1.1
1 0.9 1.1
1 0.9 1.1
1 1.0 1.1
1 0.9 1.1
2 1.8 2.3
1 0.9 1.0
2 1.7 2.2
2 2.0 2.2
1 0.9 1.1
2 1.8 2.0
2 1.7 2.1
2 1.7 2.2
3 2.9 3.4
2 1.8 2.0
2 2.0 2.3
2 1.9 2.2
1 0.9 1.2
2 1.7 2.2
3 2.9 3.4
2 1.8 2.1
1 0.9 1.1
2 1.8 2.0
2 2.0 2.2
2 1.9 2.3
3 2.9 3.1
1 0.9 1.0
3 2.9 3.4
3 2.6 3.3
1 0.9 1.1
2 2.0 2.1
1 0.9 1.0
3 2.9 3.4
1 1.0 1.1
3 2.8 3.4
3 2.8 3.2
2 2.0 2.3
3 2.6 3.2
3 2.6 3.2
3 3.0 3.3
1 0.9 1.1
2 1.8 2.1
1 0.9 1.2
3 3.0 3.1
1 1.0 1.2
1 0.9 1.1
1 1.0 1.1
1 0.9 1.2
1 1.0 1.0
1 0.9 1.1
2 2.0 2.1
3 2.8 3.2
2 1.9 2.2
1 1.0 1.1
2 2.0 2.2
1 0.9 1.1
2 1.7 2.1
1 0.9 1.1
2 2.0 2.3
1 0.9 1.1
2 1.8 2.2
2 2.0 2.0
3 3.0 3.2
3 2.6 3.0
2 1.7 2.2
3 2.7 3.5
1 1.0 1.1
3 2.9 3.0
3 2.8 3.2
2 1.9 2.3
1 0.9 1.1
3 2.6 3.3
2 1.9 2.1
1 0.9 1.1
1 0.9 1.1
1 1.0 1.0
3 2.8 3.2
1 0.9 1.1
1 0.9 1.1
3 2.9 3.3
2 1.9 2.3
3 2.9 3.2
2 1.9 2.1
2 1.7 2.1
1 1.0 1.1
3 2.7 3.4
2 1.9 2.1
2 2.0 2.1
1 0.9 1.0
2 1.9 2.3
3 2.8 3.3
3 2.9 3.0
1 0.9 1.2
2 1.9 2.1
3 2.9 3.2
1 0.9 1.1
2 2.0 2.3
1 1.0 1.1
2 1.9 2.1
3 2.8 3.3
3 2.7 3.4
1 1.0 1.1
2 1.9 2.2
1 0.9 1.0
2 1.8 2.1
2 1.9 2.3
3 2.8 3.4
3 2.8 3.2
3 2.9 3.4
3 2.7 3.3
1 1.0 1.1
1 0.9 1.0
2 1.8 2.2
1 0.9 1.0
1 0.9 1.1
2 1.9 2.3
3 2.8 3.2
3 3.0 3.2
1 1.0 1.1
2 2.0 2.3
3 2.9 3.4
3 2.8 3.0
2 1.8 2.1
1 1.0 1.0
1 0.9 1.1
1 0.9 1.1
1 1.0 1.1
3 2.9 3.1
2 1.9 2.1
1 0.9 1.1
2 1.8 2.0
1 0.9 1.1
3 2.9 3.0
2 1.7 2.3
2 2.0 2.2
3 2.8 3.1
1 1.0 1.0
3 2.7 3.1
2 1.8 2.1
3 2.6 3.4
3 2.9 3.1
2 2.0 2.2
1 0.9 1.2
1 1.0 1.1
2 1.8 2.0
2 1.8 2.1
1 0.9 1.1
1 1.0 1.1
2 1.9 2.0
3 2.6 3.2
3 3.0 3.3
1 1.0 1.1
1 0.9 1.0
3 2.7 3.3
1 1.0 1.1
1 1.0 1.1
1 1.0 1.0
2 1.7 2.1
1 0.9 1.1
3 2.7 3.0
2 1.9 2.2
3 2.7 3.3
1 0.9 1.0
1 1.0 1.1
3 2.9 3.2
1 1.0 1.0
3 2.9 3.2
3 2.6 3.4
2 2.0 2.1
3 2.9 3.3
3 2.9 3.1
3 2.7 3.5
2 1.9 2.1
2 2.0 2.0
1 0.9 1.1
1 0.9 1.1
2 2.0 2.3
3 2.6 3.5
3 3.0 3.5
3 2.6 3.2
2 1.8 2.2
3 2.7 3.3
3 2.9 3.1
3 2.8 3.1
2 1.9 2.2
3 2.7 3.2
2 2.0 2.2
2 1.7 2.3
2 2.0 2.1
1 1.0 1.1
2 1.9 2.2
2 1.9 2.0
3 2.7 3.1
2 1.8 2.2
3 2.9 3.2
1 0.9 1.1
2 1.8 2.2
3 2.6 3.3
2 1.8 2.2
1 0.9 1.1
3 2.7 3.4
1 1.0 1.2
2 1.9 2.0
3 3.0 3.0
3 2.8 3.5
2 2.0 2.0
3 3.0 3.1
3 2.9 3.3
2 1.9 2.0
2 1.8 2.2
2 1.9 2.2
2 1.7 2.1
2 1.8 2.1
2 1.9 2.1
2 1.9 2.1
2 1.8 2.2
2 1.9 2.3
2 1.9 2.2
2 1.8 2.1
2 1.7 2.0
2 2.0 2.1
2 2.0 2.2
2 1.8 2.3
2 2.0 2.2
2 1.8 2.1
2 2.0 2.1
2 1.8 2.0
2 1.8 2.2
2 1.8 2.3
2 1.7 2.2
2 1.8 2.0
2 1.8 2.3
2 1.9 2.1
2 2.0 2.0
2 2.0 2.1
2 2.0 2.3
2 1.8 2.1
2 1.7 2.0
2 1.9 2.2
2 1.7 2.1
2 1.7 2.3
2 1.7 2.2
2 1.8 2.1
2 1.7 2.1
2 1.9 2.2
2 1.8 2.3
2 2.0 2.1
2 1.8 2.2
2 1.8 2.1
2 2.0 2.2
2 1.8 2.1
2 1.8 2.1
2 1.7 2.2
2 1.8 2.1
2 1.8 2.0
2 1.8 2.3
2 2.0 2.2
2 1.8 2.1
2 1.7 2.3
2 1.8 2.3
2 2.0 2.1
2 1.7 2.0
2 1.9 2.2
2 2.0 2.2
2 1.9 2.0
2 1.8 2.0
2 2.0 2.1
2 1.9 2.1
2 1.8 2.3
2 1.9 2.0
2 1.9 2.3
2 1.7 2.2
2 1.7 2.0
2 2.0 2.2
2 1.7 2.0
2 1.7 2.1
2 1.8 2.2
2 2.0 2.3
2 1.8 2.1
2 1.9 2.3
2 2.0 2.2
2 1.7 2.2
2 1.8 2.3
2 1.9 2.2
2 1.9 2.3
2 1.8 2.3
2 1.7 2.0
2 2.0 2.2
2 1.9 2.2
2 2.0 2.2
2 2.0 2.1
2 1.7 2.0
2 1.8 2.3
2 1.8 2.2
2 1.9 2.0
2 2.0 2.0
2 1.8 2.3
2 1.7 2.2
2 1.8 2.1
2 1.8 2.0
2 1.8 2.1
2 1.8 2.2
2 1.7 2.3
2 1.9 2.0
2 1.9 2.2
2 1.7 2.1
2 1.7 2.3
2 1.8 2.3
2 1.7 2.1
2 1.7 2.0
2 1.9 2.0
2 1.9 2.2
2 2.0 2.1
2 1.7 2.0
2 1.8 2.2
2 1.8 2.1
2 1.7 2.1
2 1.8 2.2
2 1.9 2.1
2 1.9 2.1
2 1.8 2.1
2 1.9 2.2
2 1.9 2.3
2 2.0 2.0
2 1.9 2.2
2 1.8 2.1
2 2.0 2.2
2 1.8 2.3
2 2.0 2.2
2 1.8 2.2
2 2.0 2.2
2 2.0 2.0
2 1.9 2.0
2 1.9 2.0
2 2.0 2.0
2 2.0 2.2
2 1.8 2.3
2 1.8 2.1
2 1.7 2.2
2 1.8 2.3
2 1.9 2.0
2 1.9 2.1
2 1.9 2.2
2 2.0 2.0
2 1.7 2.2
2 1.9 2.2
2 2.0 2.2
2 2.0 2.1
2 2.0 2.1
2 2.0 2.0
2 1.9 2.3
2 1.9 2.2
2 1.8 2.2
2 1.7 2.1
2 1.7 2.2
2 2.0 2.2
2 1.9 2.1
2 1.8 2.2
2 1.7 2.2
2 1.8 2.3
2 1.9 2.2
2 1.9 2.1
2 1.7 2.0
2 1.7 2.3
2 1.9 2.3
2 1.7 2.2
2 2.0 2.3
2 1.9 2.2
2 1.7 2.2
2 1.8 2.1
2 1.8 2.2
2 2.0 2.0
2 1.9 2.1
2 1.9 2.0
2 1.9 2.2
2 1.8 2.0
2 2.0 2.0
2 2.0 2.0
2 1.9 2.1
2 1.9 2.0
2 1.8 2.0
2 1.7 2.1
2 1.7 2.1
2 1.9 2.1
2 2.0 2.2
2 1.8 2.3
2 1.9 2.2
2 1.8 2.2
2 1.9 2.2
2 1.8 2.0
2 1.9 2.1
2 1.9 2.2
2 1.8 2.1
2 1.8 2.2
2 1.9 2.1
2 1.9 2.2
2 2.0 2.0
2 2.0 2.3
2 1.9 2.0
2 1.8 2.3
2 1.8 2.2
2 1.9 2.2
2 1.8 2.3
2 1.8 2.1
2 1.7 2.3
2 1.8 2.3
2 1.8 2.2
2 1.8 2.2
2 1.7 2.2
2 1.8 2.2
2 1.7 2.3
2 1.9 2.3
2 1.7 2.2
2 1.9 2.1
2 1.7 2.0
2 2.0 2.1
2 1.8 2.2
2 1.8 2.0
2 1.9 2.0
2 1.8 2.3
2 2.0 2.0
2 1.9 2.3
2 2.0 2.2
2 1.7 2.3
2 1.8 2.2
2 1.7 2.2
2 1.9 2.1
2 1.8 2.1
2 1.7 2.1
2 1.9 2.3
2 1.9 2.1
2 1.7 2.1
2 1.8 2.1
2 1.7 2.3
2 1.8 2.3
2 1.9 2.2
2 1.7 2.1
2 2.0 2.2
2 1.8 2.2
2 1.9 2.2
2 1.7 2.3
2 1.9 2.3
2 1.8 2.3
2 1.9 2.0
2 1.9 2.0
2 2.0 2.2
2 1.9 2.3
2 1.8 2.3
2 1.7 2.3
2 1.8 2.1
2 1.9 2.0
2 1.8 2.3
2 1.9 2.1
2 1.7 2.1
2 1.9 2.0
2 1.7 2.0
2 1.7 2.1
2 2.0 2.1
2 1.7 2.3
2 1.8 2.1
2 1.8 2.1
2 1.9 2.2
2 2.0 2.2
2 1.8 2.3
2 2.0 2.1
2 1.7 2.2
2 1.8 2.2
2 1.7 2.0
2 1.8 2.2
2 1.9 2.3
2 1.7 2.1
2 1.7 2.0
2 1.8 2.3
2 1.9 2.2
2 1.9 2.1
2 1.9 2.3
2 1.8 2.2
2 1.8 2.1
2 1.8 2.1
2 1.7 2.0
2 1.8 2.1
2 2.0 2.2
2 2.0 2.0
2 1.8 2.2
2 1.9 2.1
2 1.8 2.2
2 1.8 2.0
2 1.8 2.3
2 1.9 2.0
2 2.0 2.1
2 1.7 2.3
2 1.9 2.2
2 1.9 2.2
2 1.9 2.0
2 1.7 2.1
2 1.9 2.2
2 1.8 2.1
2 1.9 2.2
2 1.8 2.0
2 1.9 2.1
2 2.0 2.1
2 1.7 2.1
2 2.0 2.1
2 1.9 2.1
2 1.8 2.2
2 1.9 2.1
2 2.0 2.0
2 1.9 2.1
2 1.7 2.2
2 1.9 2.0
2 1.8 2.1
2 1.7 2.0
2 2.0 2.2
2 1.9 2.2
2 1.8 2.2
2 1.7 2.2
2 2.0 2.0
2 1.9 2.0
2 1.7 2.2
2 1.7 2.0
2 1.8 2.1
2 1.9 2.2
2 1.9 2.0
2 2.0 2.1
2 1.8 2.0
2 1.8 2.1
2 1.9 2.0
2 1.8 2.1
2 2.0 2.3
2 1.7 2.1
2 1.8 2.1
2 1.9 2.3
2 1.7 2.0
2 1.7 2.0
2 2.0 2.2
2 1.9 2.1
2 1.7 2.1
2 2.0 2.0
2 1.7 2.1
2 1.7 2.2
2 1.8 2.1
2 1.8 2.2
2 2.0 2.2
2 1.9 2.0
2 2.0 2.2
2 2.0 2.3
2 1.8 2.3
2 1.9 2.0
2 1.7 2.1
2 1.9 2.1
2 1.7 2.3
2 1.9 2.1
2 1.9 2.1
2 1.9 2.2
2 1.7 2.3
2 1.7 2.2
2 1.7 2.0
2 2.0 2.2
2 1.8 2.3
2 1.7 2.2
2 1.8 2.1
2 2.0 2.1
2 1.9 2.1
2 1.7 2.2
2 1.8 2.0
2 2.0 2.1
2 1.9 2.2
2 1.8 2.1
2 1.8 2.2
2 1.7 2.2
2 2.0 2.0
2 1.8 2.2
2 2.0 2.2
2 1.8 2.3
2 2.0 2.2
2 1.9 2.3
2 1.8 2.0
2 1.8 2.2
2 1.8 2.1
2 2.0 2.1
2 1.8 2.3
2 2.0 2.0
2 1.8 2.1
2 1.9 2.1
2 1.9 2.3
2 1.7 2.1
2 1.9 2.0
2 1.9 2.3
2 1.7 2.1
2 2.0 2.3
2 1.7 2.1
2 1.9 2.1
2 1.8 2.0
2 1.9 2.0
2 1.7 2.1
2 1.9 2.2
2 1.9 2.2
2 1.7 2.1
2 1.8 2.1
2 1.7 2.3
2 1.8 2.2
2 2.0 2.3
2 1.9 2.0
2 2.0 2.1
2 1.7 2.3
2 1.8 2.1
2 1.8 2.1
2 1.8 2.1
2 1.9 2.1
2 1.9 2.2
2 2.0 2.2
2 1.9 2.0
2 1.8 2.1
2 2.0 2.1
2 1.9 2.1
2 1.8 2.2
2 1.9 2.1
2 2.0 2.3
2 1.9 2.1
2 1.8 2.0
2 1.7 2.0
2 2.0 2.1
2 2.0 2.3
2 1.7 2.1
2 1.9 2.1
2 1.8 2.3
2 1.8 2.3
2 1.9 2.0
2 1.7 2.2
2 1.9 2.2
2 2.0 2.1
2 1.7 2.3
2 1.7 2.2
2 1.8 2.2
2 2.0 2.2
2 1.9 2.3
2 2.0 2.0
2 1.8 2.0
2 1.9 2.3
2 1.8 2.2
2 1.9 2.2
2 1.7 2.0
2 1.9 2.3
2 1.9 2.1
2 1.8 2.3
2 2.0 2.1
2 1.7 2.0
2 1.9 2.2
2 1.8 2.2
2 1.8 2.2
2 1.8 2.3
2 1.9 2.2
2 2.0 2.3
2 1.8 2.2
2 2.0 2.1
2 2.0 2.1
2 1.9 2.3
2 1.8 2.1
2 1.9 2.0
2 1.8 2.3
2 2.0 2.2
2 1.9 2.2
2 1.8 2.0
2 1.8 2.1
2 2.0 2.1
2 1.7 2.1
2 1.9 2.1
2 1.9 2.3
2 1.8 2.0
2 1.9 2.2
2 2.0 2.1
2 1.8 2.1
2 2.0 2.2
2 1.7 2.2
2 2.0 2.0
2 1.9 2.3
2 1.9 2.1
2 2.0 2.1
2 1.8 2.1
2 1.9 2.0
2 1.8 2.1
2 1.9 2.1
2 1.7 2.1
2 1.8 2.2
2 1.9 2.0
2 1.8 2.0
2 1.9 2.0
2 1.8 2.3
2 1.9 2.1
2 1.7 2.1
2 1.9 2.3
2 1.9 2.2
2 1.9 2.0
2 1.8 2.2
2 2.0 2.1
2 1.8 2.3
2 1.9 2.1
2 2.0 2.2
2 1.9 2.2
2 1.9 2.1
2 1.9 2.2
2 1.8 2.2
2 1.7 2.2
2 1.7 2.1
2 1.9 2.1
2 1.9 2.1
2 1.9 2.3
2 1.9 2.3
2 1.9 2.0
4 3.8 4.1
5 4.4 5.4
4 3.8 4.4
5 5.0 5.2
4 3.8 4.3
4 4.0 4.4
4 3.9 4.2
5 5.0 5.2
5 4.9 5.6
5 4.5 5.1
5 4.4 5.0
4 3.9 4.4
5 5.0 5.2
3 2.9 3.2
4 3.4 4.1
3 2.9 3.0
3 2.6 3.4
5 4.7 5.0
4 3.6 4.5
5 4.9 5.5
5 4.7 5.6
5 4.3 5.8
5 4.9 5.7
3 2.6 3.1
3 2.9 3.2
5 4.8 5.6
3 2.9 3.2
4 3.9 4.1
5 4.4 5.5
5 4.6 5.8
3 2.7 3.4
4 3.6 4.5
4 3.8 4.5
5 4.5 5.6
3 3.0 3.0
4 3.9 4.2
3 2.6 3.2
5 4.7 5.5
4 4.0 4.6
3 2.8 3.2
4 3.4 4.1
5 4.5 5.7
5 4.6 5.3
3 2.6 3.2
4 3.4 4.5
4 4.0 4.2
5 4.8 5.2
4 3.8 4.6
4 4.0 4.5
4 3.5 4.3
4 3.7 4.5
5 4.5 5.3
4 3.7 4.3
4 4.0 4.0
3 2.8 3.1
3 2.6 3.1
3 2.9 3.3
4 3.4 4.4
4 3.5 4.4
3 2.7 3.0
3 2.9 3.3
4 3.7 4.4
5 4.4 5.2
4 3.8 4.6
5 4.7 5.2
5 4.3 5.6
4 3.5 4.3
4 3.6 4.1
5 5.0 5.5
3 2.7 3.2
3 2.8 3.2
5 4.9 5.2
3 2.6 3.1
3 2.6 3.4
4 3.5 4.6
3 2.8 3.2
3 2.6 3.2
3 2.8 3.4
3 2.9 3.4
3 2.9 3.2
4 3.6 4.6
3 2.9 3.5
5 4.9 5.6
5 4.5 5.8
3 2.7 3.4
5 4.6 5.5
5 4.8 5.2
5 4.6 5.3
4 3.9 4.4
5 5.0 5.4
4 3.6 4.6
3 2.7 3.2
4 3.5 4.3
5 4.3 5.2
5 4.9 5.6
5 5.0 5.6
3 2.8 3.3
5 4.9 5.1
3 2.9 3.2
4 4.0 4.3
3 2.7 3.1
4 3.9 4.4
3 2.6 3.4
4 4.0 4.6
4 3.8 4.6
4 3.8 4.4
5 4.9 5.4
5 4.7 5.0
3 3.0 3.0
5 4.5 5.2
4 3.6 4.1
4 3.6 4.5
5 4.6 5.7
5 4.6 5.7
5 4.7 5.2
3 3.0 3.4
3 2.9 3.4
3 2.7 3.3
3 2.6 3.1
5 4.9 5.3
5 4.3 5.7
3 2.6 3.2
4 4.0 4.2
4 3.6 4.0
3 2.9 3.4
4 3.8 4.3
3 2.9 3.3
4 3.8 4.2
4 3.8 4.5
4 3.7 4.3
4 3.6 4.1
5 4.9 5.6
4 3.8 4.2
3 2.9 3.4
4 3.8 4.1
5 4.7 5.4
5 4.3 5.5
3 2.6 3.2
3 2.8 3.2
3 2.9 3.3
4 3.8 4.6
4 3.8 4.2
3 2.6 3.4
3 2.8 3.3
5 4.8 5.7
3 2.6 3.4
5 4.3 5.1
4 3.4 4.1
3 2.8 3.4
5 4.4 5.5
4 3.4 4.1
4 3.6 4.6
4 3.8 4.4
3 2.8 3.1
4 3.7 4.5
5 4.8 5.1
4 3.8 4.5
4 3.8 4.5
3 2.6 3.2
4 3.4 4.0
5 4.5 5.5
3 2.6 3.2
5 4.4 5.6
3 2.7 3.2
4 3.6 4.6
4 3.5 4.6
3 2.7 3.3
5 4.7 5.1
4 3.6 4.2
4 3.7 4.6
5 4.7 5.6
4 3.8 4.6
5 4.4 5.7
5 5.0 5.8
3 3.0 3.1
5 4.4 5.6
3 3.0 3.4
3 3.0 3.4
3 2.8 3.1
5 4.9 5.4
3 2.8 3.5
5 4.3 5.6
4 3.5 4.0
5 4.4 5.6
5 4.6 5.3
5 4.4 5.2
5 4.3 5.5
3 2.7 3.2
4 4.0 4.2
3 2.6 3.1
3 2.9 3.0
4 3.4 4.2
4 3.5 4.6
5 4.3 5.1
4 3.6 4.3
4 3.9 4.4
5 4.7 5.2
3 2.6 3.0
5 4.7 5.5
4 3.7 4.3
3 3.0 3.1
4 3.6 4.3
4 3.7 4.1
5 4.7 5.3
3 2.6 3.0
4 3.5 4.0
5 5.0 5.7
3 2.6 3.4
3 2.9 3.2
4 3.6 4.6
5 5.0 5.7
5 4.9 5.7
3 2.6 3.2
4 3.7 4.6
5 5.0 5.3
4 3.5 4.3
5 4.4 5.4
4 3.6 4.1
5 4.3 5.2
3 2.7 3.4
4 3.5 4.4
3 3.0 3.3
5 4.7 5.1
4 3.9 4.4
5 4.7 5.1
4 3.4 4.2
5 4.7 5.7
4 3.9 4.0
3 2.9 3.1
4 3.8 4.2
3 2.7 3.2
4 3.7 4.5
4 3.6 4.4
4 3.6 4.3
4 4.0 4.6
5 4.7 5.6
3 2.9 3.2
3 2.9 3.3
3 3.0 3.4
5 4.7 5.8
5 4.4 5.1
3 2.6 3.4
3 2.9 3.1
5 4.7 5.8
5 4.4 5.6
5 4.8 5.5
3 2.7 3.1
3 2.7 3.0
5 5.0 5.1
4 3.8 4.6
3 2.9 3.2
4 4.0 4.5
3 2.9 3.0
3 2.9 3.4
5 4.4 5.1
3 2.9 3.4
4 3.6 4.0
5 4.3 5.0
4 3.5 4.5
5 5.0 5.3
4 3.9 4.1
3 2.8 3.0
3 2.9 3.3
3 2.8 3.2
4 4.0 4.3
3 2.6 3.4
4 4.0 4.6
4 4.0 4.4
3 2.9 3.0
4 3.8 4.2
3 2.8 3.1
4 3.8 4.5
4 3.6 4.4
4 3.5 4.2
5 4.3 5.2
5 4.7 5.5
5 5.0 5.1
4 3.6 4.0
5 4.6 5.5
4 3.4 4.5
5 4.4 5.4
5 4.6 5.8
4 3.6 4.1
5 5.0 5.6
3 3.0 3.1
3 2.7 3.3
5 5.0 5.5
5 4.5 5.7
3 2.9 3.3
5 4.4 5.4
5 4.8 5.2
3 2.6 3.3
4 3.5 4.4
3 2.6 3.4
4 3.6 4.4
5 4.3 5.8
4 3.6 4.2
3 2.9 3.0
5 4.6 5.7
4 3.8 4.5
4 3.7 4.4
5 4.8 5.7
4 3.4 4.1
5 4.9 5.6
5 4.9 5.0
5 4.4 5.2
4 3.5 4.5
5 4.3 5.1
5 4.9 5.1
4 3.6 4.1
3 2.8 3.5
5 4.9 5.0
3 2.9 3.3
4 3.8 4.1
5 4.7 5.8
4 4.0 4.6
5 4.7 5.2
4 3.5 4.2
5 4.3 5.3
4 3.5 4.2
4 3.5 4.4
5 4.8 5.3
5 4.3 5.3
5 4.9 5.1
3 2.7 3.4
5 4.3 5.2
3 2.9 3.2
5 4.5 5.7
5 4.5 5.6
5 4.4 5.4
3 2.9 3.1
4 3.6 4.0
3 2.9 3.0
5 4.3 5.4
3 2.6 3.1
4 3.7 4.4
4 3.6 4.1
4 3.9 4.4
3 2.9 3.2
5 4.4 5.5
3 2.8 3.1
4 3.5 4.4
3 2.9 3.3
5 4.8 5.5
4 4.0 4.2
4 3.9 4.5
5 4.9 5.1
5 4.8 5.1
3 2.8 3.5
3 2.9 3.1
5 4.7 5.2
3 2.6 3.4
4 4.0 4.2
4 3.4 4.4
5 5.0 5.4
3 2.6 3.0
3 2.7 3.3
3 2.8 3.2
5 4.7 5.5
5 4.6 5.6
4 3.6 4.2
3 2.6 3.2
3 2.8 3.0
4 4.0 4.4
4 3.7 4.5
4 3.8 4.0
3 2.9 3.1
5 4.5 5.7
4 3.8 4.0
4 3.6 4.6
5 4.5 5.6
4 4.0 4.4
5 4.3 5.1
4 3.7 4.3
3 2.9 3.2
3 2.7 3.2
4 3.8 4.4
4 3.5 4.0
3 2.8 3.1
4 3.9 4.5
4 3.9 4.2
5 4.3 5.3
4 3.5 4.4
4 3.5 4.2
3 2.9 3.1
4 3.8 4.2
3 2.7 3.3
4 3.5 4.0
3 2.9 3.2
4 3.9 4.5
3 2.9 3.1
5 4.4 5.2
3 2.9 3.3
5 4.8 5.3
4 4.0 4.6
3 2.9 3.4
3 2.8 3.5
5 4.5 5.5
5 4.4 5.1
4 3.5 4.3
4 3.6 4.6
5 4.5 5.4
4 3.5 4.0
4 3.8 4.1
4 3.6 4.1
5 4.8 5.3
3 3.0 3.1
5 4.9 5.2
4 3.4 4.6
5 4.8 5.6
4 3.7 4.3
5 5.0 5.8
5 4.9 5.6
5 4.4 5.7
3 2.7 3.1
4 3.7 4.4
5 4.9 5.4
3 2.7 3.3
4 3.9 4.2
5 4.3 5.4
3 2.7 3.3
3 2.6 3.4
5 4.6 5.5
5 5.0 5.8
5 4.8 5.1
3 2.6 3.3
5 4.8 5.7
3 2.7 3.1
5 4.7 5.6
3 3.0 3.1
3 2.7 3.5
5 5.0 5.3
4 3.5 4.4
3 2.8 3.2
3 2.7 3.0
4 3.7 4.5
3 2.7 3.0
4 3.7 4.4
3 3.0 3.1
5 4.6 5.3
5 4.6 5.4
4 3.7 4.4
4 3.5 4.3
5 5.0 5.5
5 4.8 5.7
3 3.0 3.4
3 3.0 3.2
4 3.7 4.4
3 2.6 3.4
5 4.3 5.1
4 3.7 4.1
4 4.0 4.2
5 4.9 5.8
3 2.7 3.5
3 2.6 3.1
4 3.5 4.5
5 4.7 5.3
3 2.9 3.2
3 2.6 3.1
3 2.8 3.3
4 3.6 4.4
4 3.6 4.1
3 2.9 3.0
4 3.8 4.0
4 3.6 4.6
4 3.8 4.3
3 2.8 3.3
4 3.9 4.4
3 2.9 3.3
5 4.6 5.8
3 2.8 3.0
3 3.0 3.1
5 4.7 5.5
3 2.8 3.4
3 2.9 3.2
3 3.0 3.1
3 2.9 3.0
4 3.7 4.1
5 4.5 5.4
4 4.0 4.2
5 4.3 5.3
4 3.6 4.2
5 4.3 5.3
4 3.5 4.6
5 5.0 5.2
5 4.7 5.0
4 3.8 4.2
4 3.9 4.4
3 2.9 3.0
3 2.6 3.2
5 4.9 5.7
5 4.7 5.4
5 4.3 5.5
3 2.9 3.4
4 3.5 4.4
4 3.4 4.5
5 4.6 5.1
5 4.5 5.5
5 4.8 5.4
4 3.5 4.1
1000
32 28.2 36.5
18 17.8 18.5
35 33.6 36.1
24 23.8 24.5
33 29.4 33.0
28 28.0 30.2
27 24.3 29.4
36 36.0 39.2
21 17.9 21.0
34 31.3 38.8
29 27.6 29.9
32 31.4 32.6
30 29.1 30.0
30 26.1 33.6
34 30.3 38.8
33 32.0 36.6
28 24.4 31.1
33 32.3 37.6
33 31.7 36.0
29 25.8 30.2
31 28.5 33.2
33 31.4 33.7
36 32.8 37.8
32 30.4 33.9
29 25.5 29.3
37 36.6 42.2
34 30.9 35.4
30 29.7 32.1
29 25.2 33.1
30 26.4 30.9
26 24.7 27.3
27 26.2 29.2
28 24.1 30.0
38 37.2 41.0
32 28.8 34.2
26 25.5 26.5
31 29.5 34.4
32 27.2 32.0
34 33.7 34.0
34 32.3 36.4
24 20.9 27.6
26 25.7 28.6
32 32.0 32.6
35 31.5 35.7
39 35.5 41.3
28 26.3 31.6
24 23.5 27.6
21 18.1 23.3
29 27.6 31.3
28 25.8 31.4
28 26.3 30.5
30 27.6 33.3
25 24.0 28.3
25 22.5 25.3
30 26.1 31.8
27 23.0 30.8
20 17.8 21.4
35 34.7 40.3
29 27.0 31.9
30 26.1 32.1
32 31.4 34.9
26 24.2 27.8
34 32.6 38.4
34 29.9 38.8
24 22.6 25.2
32 29.1 36.8
23 20.5 24.8
32 27.2 32.6
30 26.1 32.7
33 31.4 34.7
24 20.9 27.6
29 27.0 29.6
36 33.8 40.3
34 29.9 34.7
41 37.3 45.5
16 14.7 16.0
37 36.3 37.7
35 34.0 39.6
25 22.8 28.3
28 26.3 31.9
32 30.1 32.0
30 29.4 32.1
35 32.9 40.3
38 38.0 41.4
30 26.7 30.3
32 31.0 33.0
27 23.0 29.7
23 20.2 25.8
16 15.4 16.8
35 34.0 38.9
32 29.1 33.6
25 23.0 26.5
30 30.0 31.5
29 24.7 29.3
29 24.9 31.3
18 15.8 18.9
40 38.4 42.4
34 30.3 37.4
31 27.0 31.3
30 29.1 33.0
29 27.0 29.6
25 24.3 26.8
34 30.6 38.1
34 33.0 36.7
40 34.8 42.4
26 25.2 27.0
35 32.2 36.4
26 22.9 28.3
31 28.8 31.0
27 27.0 28.4
20 19.2 20.0
29 24.7 29.9
34 34.0 37.4
28 25.2 30.8
36 36.0 36.4
25 24.3 27.0
31 28.5 32.6
36 32.8 40.7
30 26.4 30.3
19 17.3 20.1
30 26.4 33.9
28 25.5 29.1
24 20.4 25.4
22 21.3 24.2
25 23.5 27.5
32 31.0 32.6
23 20.7 24.2
28 25.2 31.6
24 23.5 25.0
29 28.4 31.3
29 28.4 32.2
36 31.3 37.8
26 22.4 26.8
33 32.3 35.3
37 32.6 39.6
31 26.4 32.6
22 19.8 24.6
31 27.3 35.3
27 26.5 28.1
29 25.2 32.5
25 21.3 25.8
28 25.8 29.7
29 27.0 30.2
31 30.7 34.1
29 29.0 31.0
31 27.3 32.2
39 38.6 41.0
32 29.4 32.3
28 27.2 30.8
34 31.3 37.7
22 21.3 25.1
32 31.4 36.2
33 32.3 36.6
23 20.7 25.8
21 20.8 21.6
29 27.0 29.0
38 33.4 42.6
32 29.1 36.8
27 24.8 28.1
28 26.0 30.5
34 30.9 35.0
33 32.0 36.0
23 20.2 26.2
29 27.6 30.5
23 20.2 24.8
32 28.5 35.2
24 22.6 27.6
28 25.8 28.0
36 31.7 36.4
27 26.5 30.0
33 31.4 36.6
29 25.5 30.5
22 19.1 23.3
22 19.6 23.5
34 29.9 34.7
27 24.8 31.1
28 24.6 31.6
26 22.9 26.8
37 31.5 39.6
31 27.3 31.0
36 30.6 38.9
33 32.3 37.6
28 26.0 29.4
31 27.0 31.3
19 17.7 19.4
22 21.6 23.5
26 22.9 27.3
30 25.5 31.8
25 21.3 27.0
32 28.8 32.3
24 20.6 25.0
25 23.3 26.0
27 27.0 27.3
28 28.0 31.4
35 30.5 38.9
36 33.5 37.8
20 17.8 22.6
28 25.2 28.0
32 30.4 32.0
32 31.7 33.0
27 23.5 27.5
18 15.8 18.2
29 26.7 32.8
33 32.7 37.0
31 26.4 31.6
31 30.1 35.0
38 33.1 42.9
30 26.4 33.6
28 28.0 30.8
29 25.5 33.1
27 24.8 28.4
21 18.3 23.1
28 24.9 30.2
27 24.3 30.0
29 28.4 32.2
24 22.1 24.7
31 30.7 31.9
31 30.7 32.9
25 21.5 28.5
27 23.2 27.5
26 24.4 27.0
22 20.9 24.6
26 22.1 26.5
33 29.4 36.3
38 35.0 39.5
26 26.0 29.4
30 27.0 30.6
31 30.7 35.7
26 24.7 26.3
32 29.1 32.6
28 24.1 28.8
30 27.0 34.2
24 21.1 25.7
32 31.4 33.0
39 33.5 39.0
33 29.7 34.0
25 25.0 25.0
31 28.5 31.3
26 24.4 26.8
27 24.3 31.1
29 25.8 30.5
36 36.0 41.4
26 23.4 27.8
33 32.7 33.7
20 19.8 22.4
28 26.3 30.5
38 33.8 38.0
27 25.4 30.2
20 17.4 22.4
27 23.5 28.1
33 30.7 33.7
29 25.2 30.7
31 30.1 31.9
30 26.7 30.9
35 31.2 37.8
36 34.9 39.2
25 24.8 26.8
30 25.8 33.3
29 26.4 33.4
34 32.6 34.0
43 41.7 47.3
30 26.7 33.6
30 26.4 30.3
23 22.8 23.0
27 27.0 28.4
31 31.0 32.9
31 30.1 32.9
31 29.1 33.8
28 24.6 30.5
45 39.2 50.0
33 32.7 36.3
25 24.8 26.8
28 27.4 30.8
28 25.8 30.8
26 25.7 28.9
28 28.0 31.9
22 21.6 24.2
26 24.2 26.0
36 35.6 41.4
21 20.4 22.3
31 29.1 31.6
26 25.7 29.9
29 25.8 29.3
32 31.7 33.6
36 35.3 38.5
27 23.2 30.5
33 32.7 33.3
27 26.5 27.0
30 27.9 34.5
35 32.9 35.7
29 25.8 31.6
31 28.5 31.0
30 29.4 32.7
28 26.0 30.5
23 20.2 24.6
24 22.8 26.6
36 31.0 38.2
29 25.2 30.7
23 21.2 24.8
28 23.8 30.8
33 28.7 34.0
41 36.1 45.5
39 35.5 44.1
35 31.2 37.5
27 23.8 28.9
24 23.0 27.6
30 27.3 33.6
27 25.1 31.1
35 29.8 37.5
29 26.4 32.2
21 19.3 23.5
24 22.8 24.7
19 17.1 19.4
31 29.1 31.3
29 26.1 33.4
27 24.8 29.7
31 27.3 34.4
30 29.1 33.9
26 25.0 27.6
29 25.5 31.9
29 25.2 33.1
21 17.9 23.5
23 20.5 24.4
33 28.7 36.3
27 23.8 28.4
19 16.9 20.0
30 29.7 32.4
27 26.2 28.9
35 33.6 38.9
24 21.1 26.9
35 34.3 36.8
34 31.3 36.7
37 35.9 38.1
23 20.5 23.9
21 17.9 22.5
31 28.5 31.0
27 23.2 28.1
32 31.0 33.0
35 32.9 37.5
38 33.1 39.1
34 30.6 37.4
34 33.3 36.4
31 28.5 34.4
24 20.9 25.7
33 32.3 36.3
22 21.8 25.3
28 27.2 29.7
31 27.9 35.3
30 25.8 30.6
23 20.7 23.5
25 24.8 28.8
29 25.8 31.3
31 28.8 32.6
26 24.2 29.9
28 27.2 31.6
39 35.1 42.9
32 30.4 33.6
28 26.0 30.0
34 31.6 34.3
23 20.0 26.5
28 28.0 31.6
37 36.6 37.0
33 31.4 34.0
30 30.0 31.5
30 29.1 33.0
25 25.0 28.3
32 30.4 33.3
30 26.7 30.0
29 24.9 31.3
34 30.3 35.7
30 27.6 31.5
27 26.2 28.9
28 27.2 31.1
30 25.5 33.6
29 26.7 31.3
28 27.4 32.2
29 26.4 32.5
29 27.6 31.3
27 24.3 27.0
30 26.7 31.8
25 22.3 25.0
37 32.6 42.2
24 21.4 25.2
30 29.1 30.0
32 28.5 34.6
38 36.5 38.4
35 33.3 37.1
33 31.4 33.3
24 20.4 26.9
33 33.0 34.0
31 27.6 31.9
33 32.3 33.3
30 28.5 30.9
27 27.0 30.5
28 24.1 28.0
20 18.2 22.0
28 24.4 30.2
29 27.6 29.6
21 18.5 23.9
33 32.0 33.7
38 35.3 39.1
32 31.7 36.8
30 28.5 31.5
26 25.5 28.9
16 13.6 17.1
25 22.0 28.0
37 35.5 42.2
23 21.2 25.5
35 33.6 37.5
39 35.9 41.7
24 24.0 27.4
40 35.6 46.0
30 25.5 32.7
27 25.1 27.8
22 20.0 24.0
29 24.9 32.8
27 23.8 30.8
38 36.5 42.9
33 33.0 37.3
28 24.9 28.6
26 25.7 28.3
35 33.6 37.5
24 21.6 24.5
28 28.0 29.4
33 29.7 38.0
26 23.4 29.4
31 27.0 34.7
29 26.7 33.4
27 26.2 28.4
26 25.7 27.6
17 16.3 19.0
41 36.5 46.7
23 20.5 25.5
32 27.2 36.5
24 23.8 25.4
29 28.7 31.6
28 27.4 30.0
28 26.3 28.6
15 14.9 15.0
25 23.5 27.5
33 30.0 35.0
25 21.3 25.0
24 21.8 25.7
31 29.1 31.6
28 25.5 29.4
36 32.0 36.0
30 27.9 33.3
38 33.4 42.6
28 26.0 30.2
27 25.9 28.6
32 29.8 33.9
18 17.3 18.9
31 29.8 33.2
31 27.0 31.9
19 17.3 19.0
34 32.6 38.1
25 21.8 26.0
34 32.6 34.0
25 23.5 27.0
19 16.7 20.3
24 23.0 26.4
29 27.6 31.3
36 32.4 37.1
34 32.0 38.1
25 22.0 26.5
32 30.4 36.8
29 24.7 32.5
30 27.0 31.5
21 18.3 21.0
28 27.7 31.6
25 23.5 27.3
30 28.8 32.1
39 37.1 41.7
36 32.8 37.1
25 23.0 27.3
35 32.2 37.5
30 26.4 31.5
32 30.7 33.9
33 32.0 35.0
30 27.9 30.3
33 32.0 35.3
30 28.2 30.3
22 18.7 23.3
29 29.0 33.1
37 35.9 39.2
28 24.4 29.1
31 26.7 34.1
34 30.9 34.3
27 23.8 29.4
31 27.0 32.2
26 25.0 28.1
29 28.4 30.2
34 29.9 38.1
25 25.0 28.5
32 27.8 34.6
31 30.7 33.5
31 27.3 31.9
31 27.0 35.3
37 32.6 41.8
33 30.0 33.0
33 28.4 33.7
31 27.0 31.6
29 26.7 30.2
33 30.7 36.3
29 25.5 32.2
27 24.0 30.5
34 30.6 34.7
20 19.6 21.2
24 21.6 26.4
34 29.9 36.4
28 25.2 30.0
30 27.3 31.5
26 22.6 26.8
26 24.7 29.1
31 27.3 35.0
30 25.5 31.2
37 34.8 42.2
30 25.8 30.9
32 30.1 34.6
36 32.4 39.2
29 27.0 30.2
28 25.8 30.5
30 27.3 32.1
30 28.2 30.0
28 25.8 31.4
34 30.3 35.4
35 31.5 40.3
32 31.7 33.6
34 30.3 36.0
19 17.9 19.4
34 29.9 35.4
26 22.4 26.0
27 24.8 27.5
32 30.7 33.0
31 29.5 33.2
25 21.5 27.3
22 21.3 24.6
34 33.7 38.1
37 32.6 40.3
25 21.5 25.5
22 19.8 23.3
36 32.0 41.0
32 31.7 32.6
23 21.9 24.6
37 33.7 41.4
31 30.4 33.8
35 33.3 37.8
34 31.3 34.0
28 24.6 28.8
25 22.5 25.3
33 31.4 36.6
28 24.1 30.0
25 24.8 27.0
26 23.1 26.5
27 24.3 27.0
31 27.6 31.6
35 31.2 35.7
17 14.8 18.7
29 28.7 31.6
22 21.8 22.0
27 26.7 29.4
29 25.8 30.7
33 30.0 36.3
38 34.6 43.3
30 29.4 30.0
33 32.0 34.3
32 30.7 35.2
24 23.3 26.9
37 34.0 37.0
27 23.5 28.4
25 23.5 26.0
27 23.0 30.0
30 29.4 31.8
35 34.7 40.3
30 29.4 31.8
23 20.7 24.4
34 29.6 36.4
34 29.6 37.7
32 28.8 33.9
30 29.7 32.7
25 24.5 27.8
28 24.6 30.2
33 30.7 38.0
29 27.6 31.6
23 21.6 23.0
31 31.0 33.8
29 27.0 33.4
26 22.9 27.3
29 24.7 30.5
35 32.6 39.6
21 20.2 23.1
30 30.0 31.5
32 27.2 32.6
21 18.3 21.8
38 35.0 39.1
31 27.3 32.9
27 24.8 28.6
24 23.0 24.5
30 26.1 33.0
31 27.3 34.4
23 21.4 24.8
32 27.8 36.2
32 27.2 34.2
41 38.1 41.4
31 27.0 31.3
34 31.3 35.0
27 26.5 29.4
27 23.0 28.9
40 34.8 41.2
31 29.8 34.7
31 27.6 35.3
43 37.0 45.6
26 24.7 28.3
33 31.0 35.6
25 21.8 28.8
19 17.7 19.2
32 29.1 35.8
27 25.9 27.0
28 24.9 30.0
27 23.0 31.1
26 23.4 28.6
32 27.2 33.3
35 31.5 38.5
34 30.3 35.4
31 26.7 32.6
19 18.2 20.7
27 24.3 27.0
37 35.2 41.1
30 27.3 30.9
30 29.4 33.9
29 27.8 32.5
31 30.1 35.7
33 32.3 35.3
30 25.8 34.5
25 21.8 26.0
35 30.1 38.5
31 27.0 31.6
27 24.6 27.0
15 14.3 17.3
28 24.1 31.9
31 26.4 35.3
22 19.6 22.0
34 31.3 34.7
23 21.4 23.7
30 27.9 32.1
20 18.2 21.0
25 23.8 26.0
35 31.5 39.2
33 31.0 34.7
27 25.7 30.5
22 18.9 23.3
36 32.8 40.0
31 31.0 35.3
25 22.5 27.0
31 28.2 35.0
27 25.9 30.0
33 31.4 33.7
21 20.2 23.1
23 21.9 23.7
25 23.8 27.8
27 23.0 27.5
35 29.8 38.2
28 23.8 30.8
31 28.2 31.9
20 17.8 22.0
29 28.4 33.1
35 29.8 36.4
25 23.3 25.3
32 31.4 32.3
24 22.1 25.7
23 21.6 25.8
31 27.3 34.7
17 15.6 17.7
27 26.7 28.6
35 32.9 36.8
31 30.1 31.3
25 21.3 25.5
28 25.8 28.0
28 27.4 30.5
31 30.1 33.5
17 16.7 17.3
22 19.8 24.6
22 19.8 22.7
32 27.2 34.9
33 28.4 34.7
27 25.4 28.1
32 29.8 36.2
29 25.5 33.1
34 32.3 35.7
23 21.9 26.5
27 24.0 30.2
30 26.4 31.8
32 32.0 33.6
30 25.5 33.0
31 31.0 35.3
26 24.7 28.6
27 25.9 27.5
30 27.0 33.3
31 26.7 35.3
25 25.0 25.3
28 27.2 28.6
29 24.9 31.6
32 29.1 34.9
25 23.8 25.3
28 27.4 28.3
22 21.1 23.1
12 11.5 12.6
26 25.5 26.0
25 21.3 26.3
28 26.3 32.2
23 22.5 26.0
31 28.8 34.7
26 25.7 28.6
25 22.5 26.3
30 29.1 31.2
26 22.9 26.0
22 19.8 24.2
27 23.0 30.5
35 34.7 35.4
24 22.8 25.7
32 29.8 32.0
28 26.6 29.7
29 28.7 33.1
24 21.6 26.6
33 29.7 33.0
22 19.4 22.2
27 23.5 30.2
34 33.0 36.7
34 29.2 37.7
22 18.7 25.1
34 30.3 35.7
34 28.9 36.7
36 31.3 36.0
32 27.2 33.3
29 26.1 30.5
25 21.5 26.8
23 21.4 26.5
25 24.3 28.5
20 18.2 20.6
27 23.0 30.2
34 33.0 36.4
31 26.7 35.7
19 17.7 21.5
22 19.1 23.3
27 23.5 28.4
32 28.2 33.3
22 19.4 24.6
40 38.4 45.6
22 22.0 24.0
33 31.7 37.3
31 28.5 34.7
29 27.0 31.9
26 24.2 28.9
30 29.4 31.8
30 28.8 31.8
32 28.8 34.9
35 34.7 36.8
29 28.7 31.3
38 32.7 38.8
27 23.8 28.4
21 19.7 22.5
32 28.8 36.8
28 28.0 29.7
34 29.2 38.8
34 29.6 35.4
30 29.7 33.6
30 27.6 33.9
27 23.5 28.6
30 27.3 34.2
37 31.8 40.0
26 22.4 26.8
24 21.6 24.5
26 24.4 26.5
26 22.9 28.3
30 26.7 30.0
21 19.1 22.9
25 24.0 27.0
34 33.3 36.0
38 33.1 41.0
21 20.6 23.9
25 23.5 26.8
32 30.7 35.8
36 33.8 39.2
19 16.3 19.2
28 26.6 30.2
28 26.3 32.2
27 24.0 30.2
35 32.9 35.0
24 22.1 25.2
35 29.8 38.5
32 27.5 34.6
34 32.6 34.3
29 27.0 30.5
29 26.1 29.3
35 32.6 40.3
34 32.3 37.1
32 31.0 33.9
24 20.4 25.9
33 31.4 35.6
27 24.0 30.8
27 26.2 27.3
34 33.7 35.7
31 27.3 34.7
32 27.5 33.3
34 32.6 38.1
32 27.8 36.5
30 25.5 33.9
27 27.0 27.3
35 30.1 36.4
27 26.7 30.0
38 32.7 38.4
29 28.7 30.7
21 19.3 23.1
25 24.3 26.8
27 23.5 29.2
28 26.3 30.5
25 23.3 28.0
24 24.0 26.6
34 32.0 37.1
24 23.0 24.5
38 33.4 39.5
35 31.5 36.8
26 23.9 27.6
39 38.6 42.5
30 27.9 30.0
30 28.8 30.9
28 27.4 28.6
25 22.5 28.5
22 20.0 23.3
35 35.0 36.4
29 28.4 29.0
31 27.0 35.7
35 30.8 37.1
32 31.7 32.3
31 27.3 34.4
36 33.5 37.1
36 31.0 39.2
31 30.1 32.6
30 29.7 33.6
31 27.9 33.8
28 26.3 28.0
20 20.0 21.6
29 27.6 30.7
39 35.1 44.1
26 22.9 29.4
35 33.3 40.3
36 35.3 37.1
40 36.4 40.8
33 32.3 37.6
27 24.3 27.3
35 31.9 38.5
33 31.7 36.0
33 30.0 33.7
27 23.8 28.1
35 32.6 36.1
28 25.8 29.1
35 30.1 39.2
30 27.0 32.7
29 27.0 30.5
25 22.0 26.3
31 26.7 34.7
27 27.0 30.2
30 27.9 30.0
28 25.5 30.5
33 28.7 36.3
33 29.4 33.0
26 22.1 28.1
28 24.4 31.4
35 30.1 36.1
22 21.1 25.3
31 27.3 31.3
27 23.5 30.0
34 31.3 35.0
26 22.9 28.6
28 25.8 29.1
27 24.8 27.8
29 25.5 32.8
30 27.6 32.7
28 24.6 29.4
35 32.2 39.9
23 19.6 24.4
33 29.7 34.3
34 32.6 35.0
34 31.3 38.8
36 32.4 37.1
29 24.7 30.7
27 23.2 30.2
27 26.2 27.8
24 21.4 26.9
28 28.0 31.1
29 25.2 33.4
33 29.7 33.3
22 20.9 22.2
31 30.7 31.6
29 29.0 33.1
33 31.4 37.6
33 31.4 36.0
29 25.8 29.9
20 17.6 20.4
31 31.0 31.9
26 22.6 28.3
28 26.0 29.7
26 23.1 29.4
32 30.1 32.0
29 27.3 29.9
29 28.4 31.9
25 22.0 26.5
34 32.0 37.7
29 27.0 32.5
28 24.9 29.4
22 21.8 24.6
22 21.1 22.2
30 29.7 32.4
30 29.7 31.5
29 27.0 31.6
25 21.3 28.5
17 15.0 18.0
32 27.5 32.0
22 21.1 24.9
22 19.1 24.0
20 18.2 20.0
27 27.0 27.0
39 37.4 43.7
35 31.2 39.9
26 25.0 29.6
40 39.2 44.0
25 23.5 28.0
31 31.0 31.0
30 26.7 32.1
31 29.5 33.2
26 24.4 27.8
36 31.0 38.2
31 30.7 34.7
23 19.6 26.0
32 30.1 32.0
36 33.5 37.1
29 27.8 31.0
30 26.4 32.7
36 32.0 40.0
33 30.7 34.3
23 22.3 25.3
34 28.9 35.0
32 28.8 33.6
28 26.6 29.7
26 25.0 27.3
25 23.5 27.8
26 25.2 28.3
31 27.3 32.6
31 30.7 32.9
34 29.2 34.3
19 17.7 19.0
30 25.5 34.2
28 27.4 28.8
35 33.3 39.2
29 28.7 29.6
23 19.6 26.5
36 32.0 39.2
23 20.7 25.8
27 24.8 28.9
31 27.0 35.7
37 35.5 38.5
27 27.0 28.9
30 30.0 34.2
28 26.0 31.1
29 28.4 29.3
27 27.0 29.7
31 27.6 31.6
34 32.6 38.8
25 23.0 25.3
34 29.9 35.0
25 21.8 27.5
26 22.4 26.3
25 23.0 25.3
32 30.7 35.5
30 28.5 30.0
28 26.3 29.7
31 29.5 32.9
28 24.6 30.2
25 24.8 25.8
29 24.9 29.0
28 25.8 30.8
18 16.0 19.8
32 27.5 34.9
31 27.9 33.5
37 32.6 37.0
33 31.4 38.0
32 31.4 32.0
36 32.0 40.3
45 42.8 46.8
35 32.6 39.9
23 22.1 25.1
27 25.9 29.7
33 32.3 33.7
38 33.4 41.8
25 22.5 26.8
37 36.6 39.2
31 30.1 31.3
25 22.5 27.5
28 23.8 29.1
22 21.8 23.5